1,1777042305.724833,0.017653,2026-04-24T14:51:45.724833+00:00,sitl_to_mission,40,,,,,,,,,,,,,,,,,,,,0.000000,50.000000,25.000000,45.000000,0.000000,1.500000,0.100000,0.050000,0.020000,1,0.000000,0.000000,0,0,0,forward,1,,0.000000,1,0,0,0
45,1777042306.000190,0.293006,2026-04-24T14:51:46.000190+00:00,sitl_to_mission,52,-0.010000,0.010000,0.000000,0.014142,-35.363262,149.165237,-0.006000,6,10,0.001267,0.001044,-0.101567,,,,,,,55.901699,0.000000,50.000000,25.000000,45.000000,0.000000,1.500000,0.100000,0.050000,0.020000,1,0.000000,0.000000,0,0,0,forward,1,,0.000000,45,44,0,0
151,1777042307.000739,1.293557,2026-04-24T14:51:47.000739+00:00,sitl_to_mission,36,-0.010000,0.010000,0.000000,0.014142,-35.363262,149.165237,-0.006000,6,10,0.001267,0.001036,-0.101581,,,,,,,55.901699,0.000000,50.000000,25.000000,45.000000,0.000000,1.500000,0.100000,0.050000,0.020000,1,0.000000,0.000000,0,0,0,forward,1,,0.000000,151,150,0,0
274,1777042308.226924,2.519751,2026-04-24T14:51:48.226924+00:00,sitl_to_mission,40,-0.015226,0.018827,0.000222,0.024214,-35.363262,149.165237,-0.006000,6,10,0.001259,0.001040,-0.101601,,,,,,,55.905837,0.000000,50.000000,25.000000,45.000000,0.000000,1.500000,0.100000,0.050000,0.020000,1,0.000000,0.000000,0,0,0,forward,1,,0.000000,274,273,0,0
368,1777042309.000005,3.292823,2026-04-24T14:51:49.000005+00:00,sitl_to_mission,41,-0.010000,0.010000,0.000000,0.014142,-35.363262,149.165237,-0.006000,6,10,0.001254,0.001036,-0.101635,,,,,,,55.901699,0.000000,50.000000,25.000000,45.000000,0.000000,1.500000,0.100000,0.050000,0.020000,1,0.000000,0.000000,0,0,0,forward,1,,0.000000,368,367,0,0
479,1777042310.001368,4.294185,2026-04-24T14:51:50.001368+00:00,sitl_to_mission,34,-0.010000,0.010000,0.000000,0.014142,-35.363262,149.165237,-0.006000,6,10,0.001252,0.001034,-0.101653,,,,,,,55.901699,0.000000,50.000000,25.000000,45.000000,0.000000,1.500000,0.100000,0.050000,0.020000,1,0.000000,0.000000,0,0,0,forward,1,,0.000000,479,478,0,0
606,1777042311.000057,5.292878,2026-04-24T14:51:51.000057+00:00,sitl_to_mission,41,-0.015101,0.018592,-0.000056,0.023952,-35.363262,149.165237,-0.006000,6,10,0.001252,0.001039,-0.101680,,,,,,,55.905833,0.000000,50.000000,25.000000,45.000000,0.000000,1.500000,0.100000,0.050000,0.020000,1,0.000000,0.000000,0,0,0,forward,1,,0.000000,606,605,0,11
713,1777042312.003041,6.295862,2026-04-24T14:51:52.003041+00:00,sitl_to_mission,34,-0.014854,0.018439,-0.000094,0.023678,-35.363262,149.165237,-0.006000,6,10,0.001250,0.001042,-0.101699,,,,,,,55.905686,0.000000,50.000000,25.000000,45.000000,0.000000,1.500000,0.100000,0.050000,0.020000,1,0.000000,0.000000,0,0,0,forward,1,,0.000000,713,712,0,11
842,1777042313.008349,7.301173,2026-04-24T14:51:53.008349+00:00,sitl_to_mission,40,-0.010000,0.010000,0.000000,0.014142,-35.363262,149.165237,-0.006000,6,10,0.001232,0.001051,-0.101725,,,,,,,55.901699,0.000000,50.000000,25.000000,45.000000,0.000000,1.500000,0.100000,0.050000,0.020000,1,0.000000,0.000000,0,0,0,forward,1,,0.000000,842,841,0,11
947,1777042314.000051,8.292871,2026-04-24T14:51:54.000051+00:00,sitl_to_mission,41,-0.014716,0.017813,-0.000276,0.023108,-35.363262,149.165237,0.003000,6,10,0.001238,0.001050,-0.101712,,,,,,,55.905803,0.000000,50.000000,25.000000,45.000000,0.000000,1.500000,0.100000,0.050000,0.020000,1,0.000000,0.000000,0,0,0,forward,1,,0.000000,947,946,0,15
1072,1777042315.007849,9.300668,2026-04-24T14:51:55.007849+00:00,sitl_to_mission,40,0.000000,0.000000,0.000000,0.000000,-35.363262,149.165237,0.003000,6,10,0.001395,0.001219,-0.101737,,,,,,,55.901699,0.000000,50.000000,25.000000,45.000000,0.000000,1.500000,0.100000,0.050000,0.020000,1,0.000000,0.000000,0,0,0,forward,1,,0.000000,1072,1071,0,15
1174,1777042316.000072,10.292892,2026-04-24T14:51:56.000072+00:00,sitl_to_mission,26,0.001901,-0.002710,-0.000209,0.003316,-35.363262,149.165237,0.004000,6,10,0.001668,0.001501,-0.101810,,,,,,,55.902391,0.000000,50.000000,25.000000,45.000000,0.000000,1.500000,0.100000,0.050000,0.020000,1,0.000000,0.000000,0,0,0,forward,1,,0.000000,1174,1173,0,17
1285,1777042317.000588,11.293408,2026-04-24T14:51:57.000588+00:00,sitl_to_mission,26,0.000707,-0.000921,-0.063536,0.063546,-35.363262,149.165237,0.007000,6,10,0.001973,0.001815,-0.101902,,,,,,,55.901839,0.000000,50.000000,25.000000,45.000000,0.000000,1.500000,0.100000,0.050000,0.020000,1,0.000000,0.000000,0,0,0,forward,1,,0.000000,1285,1284,0,17
1398,1777042318.000360,12.293179,2026-04-24T14:51:58.000360+00:00,sitl_to_mission,52,0.002910,-0.004489,-1.169574,1.169586,-35.363262,149.165237,0.577000,6,10,-0.000394,-0.000476,-0.102102,,,,,,,55.901980,0.000000,50.000000,25.000000,45.000000,0.000000,1.500000,0.100000,0.050000,0.020000,1,0.000000,0.000000,0,0,0,forward,1,,0.000000,1398,1397,0,17
1506,1777042319.000633,13.293454,2026-04-24T14:51:59.000633+00:00,sitl_to_mission,34,0.002948,-0.003294,-2.029597,2.029601,-35.363262,149.165237,2.136000,6,10,0.003736,0.003264,-0.102053,,,,,,,55.899519,0.000000,50.000000,25.000000,45.000000,0.000000,1.500000,0.100000,0.050000,0.020000,1,0.000000,0.000000,0,0,0,forward,1,,0.000000,1506,1505,0,17
1619,1777042320.000949,14.293770,2026-04-24T14:52:00.000949+00:00,sitl_to_mission,34,-0.008006,0.011324,-2.530356,2.530394,-35.363262,149.165237,4.566000,6,10,0.002683,0.002788,-0.128831,,,,,,,55.897909,0.000000,50.000000,25.000000,45.000000,0.000000,1.500000,0.100000,0.050000,0.020000,1,0.000000,0.000000,0,0,0,forward,1,,0.000000,1619,1618,0,17
1730,1777042321.000958,15.293778,2026-04-24T14:52:01.000958+00:00,sitl_to_mission,34,-0.010044,0.011140,-2.389560,2.389608,-35.363262,149.165237,7.076000,6,10,0.004015,0.003681,-0.128851,,,,,,,55.897189,0.000000,50.000000,25.000000,45.000000,0.000000,1.500000,0.100000,0.050000,0.020000,1,0.000000,0.000000,0,0,0,forward,1,,0.000000,1730,1729,0,17
1833,1777042322.000587,16.293407,2026-04-24T14:52:02.000587+00:00,sitl_to_mission,34,-0.010000,0.010000,-1.230000,1.230081,-35.363262,149.165237,9.259000,6,10,0.004278,0.003958,-0.128917,,,,,,,55.893985,0.000000,50.000000,25.000000,45.000000,0.000000,1.500000,0.100000,0.050000,0.020000,1,0.000000,0.000000,0,0,0,forward,1,,0.000000,1833,1832,0,17
1945,1777042323.000631,17.293450,2026-04-24T14:52:03.000631+00:00,sitl_to_mission,54,-0.010000,0.010000,-0.230000,0.230434,-35.363262,149.165237,9.987000,6,10,0.002790,0.003080,-0.128980,,,,,,,55.893985,0.000000,50.000000,25.000000,45.000000,0.000000,1.500000,0.100000,0.050000,0.020000,1,0.000000,0.000000,0,0,0,forward,1,,0.000000,1945,1944,0,17
2051,1777042324.000267,18.293083,2026-04-24T14:52:04.000267+00:00,sitl_to_mission,34,-0.010000,0.010000,0.030000,0.033166,-35.363262,149.165237,9.969000,6,10,0.001967,0.002819,-0.128961,,,,,,,55.889925,0.000000,50.000000,25.000000,45.000000,0.000000,1.500000,0.100000,0.050000,0.020000,1,0.000000,0.000000,0,0,0,forward,1,,0.000000,2051,2050,0,17
2167,1777042325.000890,19.293709,2026-04-24T14:52:05.000890+00:00,sitl_to_mission,41,0.300457,0.220858,-0.021045,0.373491,-35.363262,149.165238,9.954000,6,10,0.211484,-0.188791,-0.142707,,,,,,,55.841513,0.000000,50.000000,25.000000,45.000000,0.000000,1.500000,0.100000,0.050000,0.020000,1,0.000000,0.000000,0,0,0,forward,1,,0.000000,2167,2166,0,19
2285,1777042326.000008,20.292826,2026-04-24T14:52:06.000008+00:00,sitl_to_mission,26,2.579350,2.155688,-0.032236,3.361707,-35.363249,149.165250,9.965000,6,10,-0.032360,-0.366615,0.773634,,,,,,,54.067105,0.000000,50.000000,25.000000,45.000000,0.000000,1.500000,0.100000,0.050000,0.020000,1,0.000000,0.000000,0,0,0,forward,1,,0.000000,2285,2284,0,19
2396,1777042327.000607,21.293424,2026-04-24T14:52:07.000607+00:00,sitl_to_mission,24,4.338960,3.551497,-0.012089,5.607124,-35.363218,149.165282,9.982000,6,10,-0.003128,-0.453596,0.689591,,,,,,,49.720959,0.000000,50.000000,25.000000,45.000000,0.000000,1.500000,0.100000,0.050000,0.020000,1,0.000000,0.000000,0,0,0,forward,1,,0.000000,2396,2395,0,19
2516,1777042328.000695,22.293513,2026-04-24T14:52:08.000695+00:00,sitl_to_mission,26,6.012034,4.902827,-0.018065,7.757744,-35.363171,149.165328,9.991000,6,10,-0.000100,-0.430549,0.689655,,,,,,,43.253208,0.007648,50.000000,25.000000,45.000000,0.000000,1.500000,0.100000,0.050000,0.020000,1,0.000000,0.000000,0,0,1,delay,1,,0.000313,2516,2514,0,19
2631,1777042329.000487,23.293304,2026-04-24T14:52:09.000487+00:00,sitl_to_mission,26,5.047317,4.128571,0.024699,6.520822,-35.363119,149.165381,10.010000,6,10,0.003235,0.000915,0.689868,,,,,,,36.078726,0.088272,50.000000,25.000000,45.000000,0.000000,1.500000,0.100000,0.050000,0.020000,1,0.000000,0.000000,0,0,5,delay,1,,0.005767,2631,2625,0,19
2748,1777042330.000236,24.293052,2026-04-24T14:52:10.000236+00:00,sitl_to_mission,52,3.189491,2.610857,0.005869,4.121828,-35.363081,149.165418,9.999000,6,10,0.009743,0.092225,0.691137,,,,,,,31.113935,0.171415,50.000000,25.000000,45.000000,0.000000,1.500000,0.100000,0.050000,0.020000,1,0.000000,0.000000,0,0,10,delay,1,,0.006595,2748,2735,2,19
2863,1777042331.000447,25.293263,2026-04-24T14:52:11.000447+00:00,sitl_to_mission,52,1.221807,1.053113,0.003207,1.613031,-35.363061,149.165438,10.007000,6,10,0.010588,0.249910,0.690892,,,,,,,28.410595,0.223835,50.000000,25.000000,45.000000,0.000000,1.500000,0.100000,0.050000,0.020000,1,0.000000,0.000000,0,0,12,delay,1,,0.014726,2863,2845,5,20
2980,1777042332.000265,26.293080,2026-04-24T14:52:12.000265+00:00,sitl_to_mission,56,-0.278215,-0.165954,0.007376,0.324035,-35.363058,149.165441,10.012000,6,10,0.003184,-0.011569,0.699237,,,,,,,28.047101,0.231232,50.000000,25.000000,45.000000,0.000000,1.500000,0.100000,0.050000,0.020000,1,0.000000,0.000000,0,0,14,drop,0,random_loss,0.000000,2980,2958,7,20
3090,1777042333.000933,27.293754,2026-04-24T14:52:13.000933+00:00,sitl_to_mission,34,-0.037717,-0.004932,0.009516,0.039210,-35.363059,149.165440,10.005000,6,10,0.000771,-0.055776,0.697463,,,,,,,28.236044,0.227377,50.000000,25.000000,45.000000,0.000000,1.500000,0.100000,0.050000,0.020000,1,0.000000,0.000000,0,0,8,delay,1,,0.015277,3090,3068,13,22
3207,1777042334.000287,28.293104,2026-04-24T14:52:14.000287+00:00,sitl_to_mission,26,1.607888,1.325031,-0.000821,2.083509,-35.363055,149.165445,10.001000,6,10,0.004717,-0.370088,0.684960,,,,,,,27.619670,0.240032,50.000000,25.000000,45.000000,0.000000,1.500000,0.100000,0.050000,0.020000,1,0.000000,0.000000,0,0,13,delay,1,,0.012916,3207,3177,16,22
3324,1777042335.000395,29.293211,2026-04-24T14:52:15.000395+00:00,sitl_to_mission,23,3.563446,2.929557,0.001625,4.613074,-35.363031,149.165468,10.007000,6,10,0.008375,-0.402749,0.684747,,,,,,,24.632872,0.304492,50.000000,25.000000,45.000000,0.000000,1.500000,0.100000,0.050000,0.020000,1,0.000000,0.000000,0,0,15,delay,1,,0.011170,3324,3286,22,22
3438,1777042336.000780,30.293598,2026-04-24T14:52:16.000780+00:00,sitl_to_mission,52,5.302245,4.377804,0.004869,6.875972,-35.362991,149.165508,10.001000,6,10,0.007732,-0.514683,0.684621,,,,,,,19.861909,0.417522,50.000000,25.000000,45.000000,0.000000,1.500000,0.100000,0.050000,0.020000,1,0.000000,0.000000,0,0,15,delay,1,,0.015568,3438,3396,26,22
3543,1777042337.000245,31.293064,2026-04-24T14:52:17.000245+00:00,sitl_to_mission,37,5.580000,4.610000,0.000000,7.237990,-35.362932,149.165567,10.008000,6,10,0.005606,-0.108646,0.685872,,,,,,,14.150043,0.567627,50.000000,25.000000,45.000000,0.000000,1.500000,0.100000,0.050000,0.020000,1,0.000000,0.000000,0,0,7,delay,1,,0.019943,3543,3506,29,22
3657,1777042338.000017,32.292834,2026-04-24T14:52:18.000017+00:00,sitl_to_mission,17,3.600000,2.980000,0.000000,4.673371,-35.362890,149.165609,9.985000,6,10,0.002078,0.038539,0.686538,,,,,,,12.273555,0.620197,50.000000,25.000000,45.000000,0.000000,1.500000,0.100000,0.050000,0.020000,1,0.000000,0.000000,0,0,7,delay,1,,0.038769,3657,3612,37,22
3768,1777042339.000395,33.293212,2026-04-24T14:52:19.000395+00:00,sitl_to_mission,19,1.790000,1.450000,-0.010000,2.303628,-35.362865,149.165635,9.992000,6,10,-0.001233,0.196145,0.685973,,,,,,,12.493681,0.613950,50.000000,25.000000,45.000000,0.000000,1.500000,0.100000,0.050000,0.020000,1,0.000000,0.000000,0,0,7,delay,1,,0.020102,3768,3721,39,23
3883,1777042340.001903,34.294722,2026-04-24T14:52:20.001903+00:00,sitl_to_mission,17,-0.140000,-0.140000,0.000000,0.197990,-35.362858,149.165642,10.005000,6,10,0.000341,0.129241,0.686054,,,,,,,12.751280,0.606666,50.000000,25.000000,45.000000,0.000000,1.500000,0.100000,0.050000,0.020000,1,0.000000,0.000000,0,0,9,delay,1,,0.021332,3883,3828,45,23
4000,1777042341.001044,35.293861,2026-04-24T14:52:21.001044+00:00,sitl_to_mission,17,-0.070000,-0.100000,0.000000,0.122066,-35.362859,149.165641,10.002000,6,10,0.001153,-0.026694,0.685837,,,,,,,12.677279,0.608756,50.000000,25.000000,45.000000,0.000000,1.500000,0.100000,0.050000,0.020000,1,0.000000,0.000000,0,0,9,delay,1,,0.038070,4000,3939,51,23
4113,1777042342.000471,36.293289,2026-04-24T14:52:22.000471+00:00,sitl_to_mission,37,0.677656,-0.534523,0.005709,0.863114,-35.362858,149.165639,9.995000,6,10,-0.337861,-0.096105,0.550255,,,,,,,12.522078,0.613146,50.000000,25.000000,45.000000,0.000000,1.500000,0.100000,0.050000,0.020000,1,0.000000,0.000000,0,0,7,delay,1,,0.019332,4113,4048,57,25
4233,1777042343.002370,37.295187,2026-04-24T14:52:23.002370+00:00,sitl_to_mission,36,2.843813,-2.504210,-0.011823,3.789258,-35.362842,149.165621,9.999000,6,10,0.047204,-0.364437,-0.792974,,,,,,,10.384362,0.674667,50.000000,25.000000,45.000000,0.000000,1.500000,0.100000,0.050000,0.020000,1,0.000000,0.000000,0,0,10,delay,1,,0.039852,4233,4156,66,25
4340,1777042344.000433,38.293250,2026-04-24T14:52:24.000433+00:00,sitl_to_mission,43,4.594065,-3.825701,-0.001016,5.978413,-35.362809,149.165587,9.995000,6,10,0.010327,-0.487367,-0.693201,,,,,,,6.716967,0.784677,50.000000,25.000000,45.000000,0.000000,1.500000,0.100000,0.050000,0.020000,1,0.000000,0.000000,0,0,4,delay,1,,0.026047,4340,4263,72,25
4460,1777042345.001715,39.294536,2026-04-24T14:52:25.001715+00:00,sitl_to_mission,24,6.084634,-5.005649,-0.031880,7.879106,-35.362760,149.165537,9.991000,6,10,0.002771,-0.324149,-0.692107,,,,,,,6.284174,0.798020,50.000000,25.000000,45.000000,0.000000,1.500000,0.100000,0.050000,0.020000,1,0.000000,0.000000,0,0,9,delay,1,,0.033178,4460,4367,83,25
4579,1777042346.000329,40.293145,2026-04-24T14:52:26.000329+00:00,sitl_to_mission,34,4.590438,-3.796264,0.018605,5.956852,-35.362710,149.165486,9.985000,6,10,-0.002750,0.016624,-0.691996,,,,,,,11.763656,0.634748,50.000000,25.000000,45.000000,0.000000,1.500000,0.100000,0.050000,0.020000,1,0.000000,0.000000,0,0,13,delay,1,,0.020059,4579,4477,88,25
4691,1777042347.000856,41.293676,2026-04-24T14:52:27.000856+00:00,sitl_to_mission,24,2.778956,-2.332964,-0.018665,3.628452,-35.362676,149.165452,9.978000,6,10,-0.007116,0.136728,-0.692212,,,,,,,16.266742,0.510221,50.000000,25.000000,45.000000,0.000000,1.500000,0.100000,0.050000,0.020000,1,0.000000,0.000000,0,0,8,delay,1,,0.019536,4691,4587,95,25
4803,1777042348.001291,42.294110,2026-04-24T14:52:28.001291+00:00,sitl_to_mission,19,0.748762,-0.699311,-0.010512,1.024593,-35.362659,149.165435,9.996000,6,10,-0.006024,0.265398,-0.691911,,,,,,,18.574497,0.450004,50.000000,25.000000,45.000000,0.000000,1.500000,0.100000,0.050000,0.020000,1,0.000000,0.000000,0,0,6,delay,1,,0.022506,4803,4697,99,26
4918,1777042349.000068,43.292888,2026-04-24T14:52:29.000068+00:00,sitl_to_mission,19,-0.272513,0.146164,0.004608,0.309271,-35.362658,149.165434,10.003000,6,10,-0.001217,-0.034656,-0.698214,,,,,,,18.620841,0.448820,50.000000,25.000000,45.000000,0.000000,1.500000,0.100000,0.050000,0.020000,1,0.000000,0.000000,0,0,6,delay,1,,0.017183,4918,4810,101,26
5034,1777042350.000842,44.293662,2026-04-24T14:52:30.000842+00:00,sitl_to_mission,37,0.038309,-0.082661,-0.000295,0.091108,-35.362660,149.165435,9.994000,6,10,0.004530,-0.177204,-0.697378,,,,,,,18.459773,0.452937,50.000000,25.000000,45.000000,0.000000,1.500000,0.100000,0.050000,0.020000,1,0.000000,0.000000,0,0,7,delay,1,,0.022105,5034,4920,106,28
5147,1777042351.000330,45.293151,2026-04-24T14:52:31.000330+00:00,sitl_to_mission,14,2.092665,-1.714858,-0.015238,2.705590,-35.362652,149.165427,9.992000,6,10,0.004925,-0.364691,-0.689251,,,,,,,19.564309,0.424959,50.000000,25.000000,45.000000,0.000000,1.500000,0.100000,0.050000,0.020000,1,0.000000,0.000000,0,0,5,delay,1,,0.013525,5147,5025,116,28
5261,1777042352.000583,46.293402,2026-04-24T14:52:32.000583+00:00,sitl_to_mission,19,4.200000,-3.400000,0.000000,5.403702,-35.362619,149.165394,9.998000,6,10,0.007573,-0.430391,-0.689883,,,,,,,24.052612,0.317597,50.000000,25.000000,45.000000,0.000000,1.500000,0.100000,0.050000,0.020000,1,0.000000,0.000000,0,0,7,delay,1,,0.012583,5261,5135,118,28
5376,1777042353.000390,47.293210,2026-04-24T14:52:33.000390+00:00,sitl_to_mission,17,5.930000,-4.780000,-0.010000,7.616653,-35.362574,149.165348,9.994000,6,10,0.006678,-0.490880,-0.689507,,,,,,,30.459208,0.183681,50.000000,25.000000,45.000000,0.000000,1.500000,0.100000,0.050000,0.020000,1,0.000000,0.000000,0,0,9,delay,1,,0.008335,5376,5241,125,28
5488,1777042354.000148,48.292966,2026-04-24T14:52:34.000148+00:00,sitl_to_mission,37,5.170000,-4.150000,0.010000,6.629593,-35.362521,149.165296,10.001000,6,10,0.001600,-0.022091,-0.687607,,,,,,,37.926845,0.062316,50.000000,25.000000,45.000000,0.000000,1.500000,0.100000,0.050000,0.020000,1,0.000000,0.000000,0,0,3,delay,1,,0.001980,5488,5357,127,28
5599,1777042355.000520,49.293340,2026-04-24T14:52:35.000520+00:00,sitl_to_mission,14,3.260000,-2.630000,0.000000,4.188616,-35.362483,149.165258,9.980000,6,10,-0.001469,0.064729,-0.687368,,,,,,,43.328813,0.007157,50.000000,25.000000,45.000000,0.000000,1.500000,0.100000,0.050000,0.020000,1,0.000000,0.000000,0,0,1,delay,1,,0.000494,5599,5468,129,28
5713,1777042356.000223,50.293043,2026-04-24T14:52:36.000223+00:00,sitl_to_mission,19,1.330000,-1.080000,-0.010000,1.713301,-35.362462,149.165237,9.991000,6,10,-0.002843,0.228163,-0.687439,,,,,,,46.382746,0.000000,50.000000,25.000000,45.000000,0.000000,1.500000,0.100000,0.050000,0.020000,1,0.000000,0.000000,0,0,0,forward,1,,0.000000,5713,5583,129,29
5827,1777042357.001022,51.293843,2026-04-24T14:52:37.001022+00:00,sitl_to_mission,19,-0.260000,0.190000,0.000000,0.322025,-35.362458,149.165233,10.002000,6,10,-0.002593,0.027326,-0.691093,,,,,,,46.886182,0.000000,50.000000,25.000000,45.000000,0.000000,1.500000,0.100000,0.050000,0.020000,1,0.000000,0.000000,0,0,0,forward,1,,0.000000,5827,5697,129,29
5936,1777042358.000176,52.292998,2026-04-24T14:52:38.000176+00:00,sitl_to_mission,40,-0.060000,0.020000,0.000000,0.063246,-35.362459,149.165235,9.997000,6,10,0.000518,-0.016349,-0.691001,,,,,,,46.696390,0.000000,50.000000,25.000000,45.000000,0.000000,1.500000,0.100000,0.050000,0.020000,1,0.000000,0.000000,0,0,0,forward,1,,0.000000,5936,5806,129,31
6056,1777042359.000063,53.292884,2026-04-24T14:52:39.000063+00:00,sitl_to_mission,17,0.671773,-0.554357,0.003131,0.870976,-35.362459,149.165234,9.994000,6,10,0.003391,-0.356551,-0.686642,,,,,,,46.887214,0.000000,50.000000,25.000000,45.000000,0.000000,1.500000,0.100000,0.050000,0.020000,1,0.000000,0.000000,0,0,0,forward,1,,0.000000,6056,5926,129,31
6171,1777042360.001115,54.293936,2026-04-24T14:52:40.001115+00:00,sitl_to_mission,17,2.927951,-2.373673,-0.013094,3.769269,-35.362443,149.165217,9.996000,6,10,0.006492,-0.376507,-0.688439,,,,,,,49.198040,0.000000,50.000000,25.000000,45.000000,0.000000,1.500000,0.100000,0.050000,0.020000,1,0.000000,0.000000,0,0,0,forward,1,,0.000000,6171,6041,129,31
6283,1777042361.000410,55.293230,2026-04-24T14:52:41.000410+00:00,sitl_to_mission,14,4.686295,-3.775028,-0.001402,6.017657,-35.362409,149.165183,9.998000,6,10,0.007392,-0.490068,-0.688525,,,,,,,54.041262,0.000000,50.000000,25.000000,45.000000,0.000000,1.500000,0.100000,0.050000,0.020000,1,0.000000,0.000000,0,0,0,forward,1,,0.000000,6283,6153,129,31
6400,1777042362.000558,56.293379,2026-04-24T14:52:42.000558+00:00,sitl_to_mission,37,6.120456,-4.931661,-0.027780,7.860154,-35.362359,149.165134,9.997000,6,10,0.004356,-0.304505,-0.687287,,,,,,,61.097907,0.000000,50.000000,25.000000,45.000000,0.000000,1.500000,0.100000,0.050000,0.020000,1,0.000000,0.000000,0,0,0,forward,1,,0.000000,6400,6270,129,31
6512,1777042363.000247,57.293069,2026-04-24T14:52:43.000247+00:00,sitl_to_mission,43,4.586821,-3.688691,0.024489,5.886083,-35.362309,149.165084,9.992000,6,10,0.000577,0.014071,-0.686171,,,,,,,68.274807,0.000000,50.000000,25.000000,45.000000,0.000000,1.500000,0.100000,0.050000,0.020000,1,0.000000,0.000000,0,0,0,forward,1,,0.000000,6512,6382,129,31
6627,1777042364.000459,58.293280,2026-04-24T14:52:44.000459+00:00,sitl_to_mission,43,2.792450,-2.254063,-0.014277,3.588702,-35.362276,149.165051,9.981000,6,10,-0.002739,0.140889,-0.686346,,,,,,,73.080581,0.000000,50.000000,25.000000,45.000000,0.000000,1.500000,0.100000,0.050000,0.020000,1,0.000000,0.000000,0,0,0,forward,1,,0.000000,6627,6497,129,31
6745,1777042365.001069,59.293891,2026-04-24T14:52:45.001069+00:00,sitl_to_mission,35,0.740840,-0.613638,-0.012240,0.962053,-35.362259,149.165034,9.994000,6,10,-0.002746,0.264048,-0.686416,,,,,,,75.473469,0.000000,50.000000,25.000000,45.000000,0.000000,1.500000,0.100000,0.050000,0.020000,1,0.000000,0.000000,0,0,0,forward,1,,0.000000,6745,6615,129,32
6856,1777042366.001121,60.293941,2026-04-24T14:52:46.001121+00:00,sitl_to_mission,31,-0.259507,0.187363,0.002166,0.320083,-35.362258,149.165034,10.001000,6,10,-0.001533,-0.035399,-0.690616,,,,,,,75.506942,0.000000,50.000000,25.000000,45.000000,0.000000,1.500000,0.100000,0.050000,0.020000,1,0.000000,0.000000,0,0,0,forward,1,,0.000000,6856,6726,129,32
6974,1777042367.000458,61.293279,2026-04-24T14:52:47.000458+00:00,sitl_to_mission,19,-0.020000,0.000000,-0.050000,0.053852,-35.362260,149.165035,9.999000,6,10,0.002149,-0.003355,-0.689684,,,,,,,75.242178,0.000000,50.000000,25.000000,45.000000,0.000000,1.500000,0.100000,0.050000,0.020000,1,0.000000,0.000000,0,0,0,forward,1,,0.000000,6974,6844,129,33
7086,1777042368.000628,62.293450,2026-04-24T14:52:48.000628+00:00,sitl_to_mission,14,0.000000,0.000000,-0.760000,0.760000,-35.362260,149.165035,10.347000,6,10,0.002532,-0.002111,-0.689756,,,,,,,75.200608,0.000000,50.000000,25.000000,45.000000,0.000000,1.500000,0.100000,0.050000,0.020000,1,0.000000,0.000000,0,0,0,forward,1,,0.000000,7086,6956,129,33
7199,1777042369.000077,63.292898,2026-04-24T14:52:49.000077+00:00,sitl_to_mission,14,0.010000,0.000000,-1.530000,1.530033,-35.362260,149.165035,11.543000,6,10,0.002082,0.000353,-0.689700,,,,,,,75.191524,0.000000,50.000000,25.000000,45.000000,0.000000,1.500000,0.100000,0.050000,0.020000,1,0.000000,0.000000,0,0,0,forward,1,,0.000000,7199,7069,129,33
7311,1777042370.000761,64.293582,2026-04-24T14:52:50.000761+00:00,sitl_to_mission,43,0.010000,0.010000,-1.580000,1.580063,-35.362260,149.165035,13.171000,6,10,0.002581,0.001518,-0.689667,,,,,,,75.191524,0.000000,50.000000,25.000000,45.000000,0.000000,1.500000,0.100000,0.050000,0.020000,1,0.000000,0.000000,0,0,0,forward,1,,0.000000,7311,7181,129,33
7421,1777042371.000023,65.292843,2026-04-24T14:52:51.000023+00:00,sitl_to_mission,40,-0.043084,0.031371,-1.214221,1.215390,-35.362260,149.165035,14.260000,6,10,-0.033979,0.065060,-0.690425,,,,,,,75.287549,0.000000,50.000000,25.000000,45.000000,0.000000,1.500000,0.100000,0.050000,0.020000,1,0.000000,0.000000,0,0,0,forward,1,,0.000000,7421,7291,129,33
7538,1777042372.000303,66.293124,2026-04-24T14:52:52.000303+00:00,sitl_to_mission,40,-1.340000,0.250000,-0.070000,1.364918,-35.362266,149.165036,15.028000,6,10,-0.112141,0.195369,-0.699966,,,,,,,74.571451,0.000000,50.000000,25.000000,45.000000,0.000000,1.500000,0.100000,0.050000,0.020000,1,0.000000,0.000000,0,0,0,forward,1,,0.000000,7538,7408,129,33
7654,1777042373.000596,67.293418,2026-04-24T14:52:53.000596+00:00,sitl_to_mission,14,-3.370000,0.570000,0.020000,3.417923,-35.362287,149.165040,14.974000,6,10,-0.167262,0.288237,-0.713242,,,,,,,72.506261,0.000000,50.000000,25.000000,45.000000,0.000000,1.500000,0.100000,0.050000,0.020000,1,0.000000,0.000000,0,0,0,forward,1,,0.000000,7654,7524,129,33
7763,1777042374.002496,68.295317,2026-04-24T14:52:54.002496+00:00,sitl_to_mission,40,-4.956773,0.820800,-0.032885,5.024380,-35.362315,149.165046,14.966000,6,10,-0.201810,0.351299,-0.725631,,,,,,,69.801021,0.000000,50.000000,25.000000,45.000000,0.000000,1.500000,0.100000,0.050000,0.020000,1,0.000000,0.000000,0,0,0,forward,1,,0.000000,7763,7633,129,33
7876,1777042375.000796,69.293617,2026-04-24T14:52:55.000796+00:00,sitl_to_mission,40,-7.015433,1.145672,-0.021098,7.108397,-35.362368,149.165056,14.976000,6,10,-0.244743,0.426194,-0.744070,,,,,,,64.539740,0.000000,50.000000,25.000000,45.000000,0.000000,1.500000,0.100000,0.050000,0.020000,1,0.000000,0.000000,0,0,0,forward,1,,0.000000,7876,7746,129,33
7987,1777042376.000053,70.292881,2026-04-24T14:52:56.000053+00:00,sitl_to_mission,40,-8.638602,1.412543,-0.019265,8.753348,-35.362439,149.165071,14.980000,6,10,-0.238038,0.428683,-0.744791,,,,,,,57.794332,0.000000,50.000000,25.000000,45.000000,0.000000,1.500000,0.100000,0.050000,0.020000,1,0.000000,0.000000,0,0,0,forward,1,,0.000000,7987,7857,129,33
8106,1777042377.000800,71.293621,2026-04-24T14:52:57.000800+00:00,sitl_to_mission,43,-9.510000,1.580000,-0.020000,9.640379,-35.362543,149.165091,14.986000,6,10,-0.211932,0.406341,-0.739300,,,,,,,48.613173,0.000000,50.000000,25.000000,45.000000,0.000000,1.500000,0.100000,0.050000,0.020000,1,0.000000,0.000000,0,0,0,forward,1,,0.000000,8106,7976,129,33
8216,1777042378.001983,72.294804,2026-04-24T14:52:58.001983+00:00,sitl_to_mission,40,-9.549819,1.610214,-0.011854,9.684626,-35.362607,149.165104,14.990000,6,10,-0.210097,0.406295,-0.739490,,,,,,,43.574199,0.005640,50.000000,25.000000,45.000000,0.000000,1.500000,0.100000,0.050000,0.020000,1,0.000000,0.000000,0,0,0,delay,1,,0.000309,8216,8086,129,33
8329,1777042379.002021,73.294843,2026-04-24T14:52:59.002021+00:00,sitl_to_mission,40,-9.698249,1.647620,-0.010126,9.837214,-35.362694,149.165122,14.988000,6,10,-0.212271,0.410418,-0.740436,,,,,,,37.873193,0.063027,50.000000,25.000000,45.000000,0.000000,1.500000,0.100000,0.050000,0.020000,1,0.000000,0.000000,0,0,1,delay,1,,0.002636,8329,8198,129,33
8441,1777042380.001669,74.294491,2026-04-24T14:53:00.001669+00:00,sitl_to_mission,36,-9.774670,1.661814,-0.011235,9.914934,-35.362782,149.165140,14.989000,6,10,-0.209827,0.407911,-0.739758,,,,,,,34.046961,0.120083,50.000000,25.000000,45.000000,0.000000,1.500000,0.100000,0.050000,0.020000,1,0.000000,0.000000,0,0,1,delay,1,,0.007214,8441,8310,129,33
8558,1777042381.001195,75.294015,2026-04-24T14:53:01.001195+00:00,sitl_to_mission,43,-9.790000,1.660000,0.000000,9.929738,-35.362892,149.165162,14.989000,6,10,-0.209365,0.408281,-0.739759,,,,,,,33.043340,0.136961,50.000000,25.000000,45.000000,0.000000,1.500000,0.100000,0.050000,0.020000,1,0.000000,0.000000,0,0,5,delay,1,,0.008158,8558,8423,129,33
8668,1777042382.000144,76.292962,2026-04-24T14:53:02.000144+00:00,sitl_to_mission,40,-9.808563,1.662680,-0.008499,9.948492,-35.362958,149.165175,14.990000,6,10,-0.209713,0.408492,-0.739700,,,,,,,34.617987,0.110816,50.000000,25.000000,45.000000,0.000000,1.500000,0.100000,0.050000,0.020000,1,0.000000,0.000000,0,0,2,delay,1,,0.005708,8668,8535,130,33
8779,1777042383.001005,77.293828,2026-04-24T14:53:03.001005+00:00,sitl_to_mission,40,-9.635623,1.625135,-0.018650,9.771727,-35.363046,149.165193,14.994000,6,10,-0.171285,0.353284,-0.728154,,,,,,,38.902682,0.049876,50.000000,25.000000,45.000000,0.000000,1.500000,0.100000,0.050000,0.020000,1,0.000000,0.000000,0,0,0,delay,1,,0.002434,8779,8647,131,33
8893,1777042384.000808,78.293629,2026-04-24T14:53:04.000808+00:00,sitl_to_mission,36,-8.456435,1.441562,-0.005725,8.578428,-35.363128,149.165210,14.999000,6,10,-0.081027,0.212763,-0.709800,,,,,,,44.551982,0.000993,50.000000,25.000000,45.000000,0.000000,1.500000,0.100000,0.050000,0.020000,1,0.000000,0.000000,0,0,0,delay,1,,0.000032,8893,8761,131,33
9007,1777042385.000387,79.293205,2026-04-24T14:53:05.000387+00:00,sitl_to_mission,40,-6.313457,1.119995,0.008611,6.412036,-35.363195,149.165224,14.987000,6,10,0.040199,-0.021732,-0.705566,,,,,,,49.971090,0.000000,50.000000,25.000000,45.000000,0.000000,1.500000,0.100000,0.050000,0.020000,1,0.000000,0.000000,0,0,0,forward,1,,0.000000,9007,8875,131,33
9120,1777042386.000932,80.293751,2026-04-24T14:53:06.000932+00:00,sitl_to_mission,40,-3.753119,0.695994,-0.014705,3.817136,-35.363240,149.165233,14.979000,6,10,0.089284,-0.136374,-0.712802,,,,,,,53.898801,0.000000,50.000000,25.000000,45.000000,0.000000,1.500000,0.100000,0.050000,0.020000,1,0.000000,0.000000,0,0,0,forward,1,,0.000000,9120,8988,131,33
9233,1777042387.001014,81.293832,2026-04-24T14:53:07.001014+00:00,sitl_to_mission,36,-1.344171,0.256222,-0.017647,1.368487,-35.363263,149.165238,14.987000,6,10,0.084129,-0.140865,-0.713164,,,,,,,55.922635,0.000000,50.000000,25.000000,45.000000,0.000000,1.500000,0.100000,0.050000,0.020000,1,0.000000,0.000000,0,0,0,forward,1,,0.000000,9233,9101,131,33
9348,1777042388.001945,82.294764,2026-04-24T14:53:08.001945+00:00,sitl_to_mission,40,0.100000,-0.020000,-0.010000,0.102470,-35.363268,149.165239,14.987000,6,10,0.024478,-0.039526,-0.707469,,,,,,,56.375283,0.000000,50.000000,25.000000,45.000000,0.000000,1.500000,0.100000,0.050000,0.020000,1,0.000000,0.000000,0,0,0,forward,1,,0.000000,9348,9216,131,33
9459,1777042389.001418,83.294240,2026-04-24T14:53:09.001418+00:00,sitl_to_mission,36,0.145530,-0.029122,-0.011598,0.148868,-35.363266,149.165239,14.986000,6,10,-0.010246,0.021050,-0.706964,,,,,,,56.261459,0.000000,50.000000,25.000000,45.000000,0.000000,1.500000,0.100000,0.050000,0.020000,1,0.000000,0.000000,0,0,0,forward,1,,0.000000,9459,9327,131,33
9573,1777042390.001924,84.294745,2026-04-24T14:53:10.001924+00:00,sitl_to_mission,40,0.030890,-0.000328,-0.012247,0.033231,-35.363265,149.165238,14.988000,6,10,0.006882,-0.004563,-0.706652,,,,,,,56.182834,0.000000,50.000000,25.000000,45.000000,0.000000,1.500000,0.100000,0.050000,0.020000,1,0.000000,0.000000,0,0,0,forward,1,,0.000000,9573,9441,131,33
9684,1777042391.001887,85.294711,2026-04-24T14:53:11.001887+00:00,sitl_to_mission,40,0.093058,0.001342,-0.007796,0.093393,-35.363264,149.165238,14.992000,6,10,0.003328,-0.000836,-0.706703,,,,,,,56.105599,0.000000,50.000000,25.000000,45.000000,0.000000,1.500000,0.100000,0.050000,0.020000,1,0.000000,0.000000,0,0,0,forward,1,,0.000000,9684,9552,131,33
9798,1777042392.001569,86.294391,2026-04-24T14:53:12.001569+00:00,sitl_to_mission,36,0.064078,0.008069,-0.004338,0.064730,-35.363264,149.165238,14.995000,6,10,-0.000339,0.004913,-0.706687,,,,,,,56.025227,0.000000,50.000000,25.000000,45.000000,0.000000,1.500000,0.100000,0.050000,0.020000,1,0.000000,0.000000,0,0,0,forward,1,,0.000000,9798,9666,131,33
9911,1777042393.002083,87.294905,2026-04-24T14:53:13.002083+00:00,sitl_to_mission,36,0.031661,0.011473,-0.002894,0.033800,-35.363263,149.165238,14.997000,6,10,0.000085,0.001814,-0.706823,,,,,,,55.982167,0.000000,50.000000,25.000000,45.000000,0.000000,1.500000,0.100000,0.050000,0.020000,1,0.000000,0.000000,0,0,0,forward,1,,0.000000,9911,9779,131,33
10023,1777042394.000700,88.293523,2026-04-24T14:53:14.000700+00:00,sitl_to_mission,36,0.025716,0.008774,0.022582,0.035331,-35.363263,149.165237,14.997000,6,10,0.001367,0.000768,-0.706754,,,,,,,55.962335,0.000000,50.000000,25.000000,45.000000,0.000000,1.500000,0.100000,0.050000,0.020000,1,0.000000,0.000000,0,0,0,forward,1,,0.000000,10023,9891,131,33
10131,1777042395.002998,89.295822,2026-04-24T14:53:15.002998+00:00,sitl_to_mission,40,0.022902,0.009322,1.048838,1.049129,-35.363263,149.165237,14.501000,6,10,0.002118,0.000437,-0.706694,,,,,,,55.951972,0.000000,50.000000,25.000000,45.000000,0.000000,1.500000,0.100000,0.050000,0.020000,1,0.000000,0.000000,0,0,0,forward,1,,0.000000,10131,9999,131,33
10240,1777042396.002090,90.294915,2026-04-24T14:53:16.002090+00:00,sitl_to_mission,40,0.022682,0.012272,1.563768,1.563981,-35.363262,149.165237,13.058000,6,10,0.001427,0.000897,-0.706774,,,,,,,55.941069,0.000000,50.000000,25.000000,45.000000,0.000000,1.500000,0.100000,0.050000,0.020000,1,0.000000,0.000000,0,0,0,forward,1,,0.000000,10240,10108,131,33
10351,1777042397.001446,91.294268,2026-04-24T14:53:17.001446+00:00,sitl_to_mission,36,0.016353,0.011590,1.463237,1.463374,-35.363262,149.165237,11.530000,6,10,0.000957,0.000944,-0.706783,,,,,,,55.931802,0.000000,50.000000,25.000000,45.000000,0.000000,1.500000,0.100000,0.050000,0.020000,1,0.000000,0.000000,0,0,0,forward,1,,0.000000,10351,10219,131,33
10459,1777042398.000657,92.293483,2026-04-24T14:53:18.000657+00:00,sitl_to_mission,40,0.011758,0.016759,0.590623,0.590977,-35.363262,149.165237,10.423000,6,10,0.001241,0.001582,-0.706767,,,,,,,55.925105,0.000000,50.000000,25.000000,45.000000,0.000000,1.500000,0.100000,0.050000,0.020000,1,0.000000,0.000000,0,0,0,forward,1,,0.000000,10459,10327,131,33
10568,1777042399.005333,93.298160,2026-04-24T14:53:19.005333+00:00,sitl_to_mission,40,0.004161,0.017589,0.455024,0.455383,-35.363262,149.165237,9.975000,6,10,0.001408,0.001457,-0.706754,,,,,,,55.921686,0.000000,50.000000,25.000000,45.000000,0.000000,1.500000,0.100000,0.050000,0.020000,1,0.000000,0.000000,0,0,0,forward,1,,0.000000,10568,10436,131,33
10677,1777042400.001243,94.294068,2026-04-24T14:53:20.001243+00:00,sitl_to_mission,40,0.001423,0.021875,0.519120,0.519582,-35.363262,149.165237,9.487000,6,10,0.001571,0.002391,-0.706809,,,,,,,55.920432,0.000000,50.000000,25.000000,45.000000,0.000000,1.500000,0.100000,0.050000,0.020000,1,0.000000,0.000000,0,0,0,forward,1,,0.000000,10677,10545,131,33
10786,1777042401.002294,95.295121,2026-04-24T14:53:21.002294+00:00,sitl_to_mission,40,0.000464,0.024639,0.511460,0.512053,-35.363262,149.165237,8.979000,6,10,0.001332,0.000938,-0.706742,,,,,,,55.919189,0.000000,50.000000,25.000000,45.000000,0.000000,1.500000,0.100000,0.050000,0.020000,1,0.000000,0.000000,0,0,0,forward,1,,0.000000,10786,10654,131,33
10895,1777042402.003855,96.296679,2026-04-24T14:53:22.003855+00:00,sitl_to_mission,40,0.000581,0.022597,0.507408,0.507911,-35.363262,149.165237,8.476000,6,10,0.001146,0.001429,-0.706800,,,,,,,55.916522,0.000000,50.000000,25.000000,45.000000,0.000000,1.500000,0.100000,0.050000,0.020000,1,0.000000,0.000000,0,0,0,forward,1,,0.000000,10895,10763,131,33
11007,1777042403.002045,97.294869,2026-04-24T14:53:23.002045+00:00,sitl_to_mission,40,-0.000241,0.016212,0.505812,0.506071,-35.363262,149.165237,7.974000,6,10,0.000733,0.000672,-0.706777,,,,,,,55.914485,0.000000,50.000000,25.000000,45.000000,0.000000,1.500000,0.100000,0.050000,0.020000,1,0.000000,0.000000,0,0,0,forward,1,,0.000000,11007,10875,131,33
11116,1777042404.004453,98.297279,2026-04-24T14:53:24.004453+00:00,sitl_to_mission,40,-0.000220,0.015695,0.504439,0.504683,-35.363262,149.165237,7.473000,6,10,0.001549,0.001309,-0.706832,,,,,,,55.915286,0.000000,50.000000,25.000000,45.000000,0.000000,1.500000,0.100000,0.050000,0.020000,1,0.000000,0.000000,0,0,0,forward,1,,0.000000,11116,10984,131,33
11225,1777042405.002700,99.295524,2026-04-24T14:53:25.002700+00:00,sitl_to_mission,40,-0.000336,0.016973,0.503894,0.504180,-35.363262,149.165237,6.972000,6,10,0.001024,0.001250,-0.706815,,,,,,,55.914646,0.000000,50.000000,25.000000,45.000000,0.000000,1.500000,0.100000,0.050000,0.020000,1,0.000000,0.000000,0,0,0,forward,1,,0.000000,11225,11093,131,33
11334,1777042406.004978,100.297804,2026-04-24T14:53:26.004978+00:00,sitl_to_mission,40,-0.001195,0.018174,0.502868,0.503198,-35.363262,149.165237,6.471000,6,10,0.001384,0.001515,-0.706819,,,,,,,55.915021,0.000000,50.000000,25.000000,45.000000,0.000000,1.500000,0.100000,0.050000,0.020000,1,0.000000,0.000000,0,0,0,forward,1,,0.000000,11334,11202,131,33
11444,1777042407.000683,101.293506,2026-04-24T14:53:27.000683+00:00,sitl_to_mission,40,-0.000769,0.017657,0.502108,0.502419,-35.363262,149.165237,5.971000,6,10,0.001160,0.000999,-0.706832,,,,,,,55.914932,0.000000,50.000000,25.000000,45.000000,0.000000,1.500000,0.100000,0.050000,0.020000,1,0.000000,0.000000,0,0,0,forward,1,,0.000000,11444,11312,131,33
11553,1777042408.005914,102.298742,2026-04-24T14:53:28.005914+00:00,sitl_to_mission,40,-0.000568,0.019511,0.501880,0.502259,-35.363262,149.165237,5.470000,6,10,0.002105,0.001955,-0.706766,,,,,,,55.917563,0.000000,50.000000,25.000000,45.000000,0.000000,1.500000,0.100000,0.050000,0.020000,1,0.000000,0.000000,0,0,0,forward,1,,0.000000,11553,11421,131,33
11662,1777042409.006138,103.298961,2026-04-24T14:53:29.006138+00:00,sitl_to_mission,40,-0.001079,0.025716,0.499753,0.500415,-35.363262,149.165237,4.968000,6,10,0.001515,0.001607,-0.706703,,,,,,,55.917399,0.000000,50.000000,25.000000,45.000000,0.000000,1.500000,0.100000,0.050000,0.020000,1,0.000000,0.000000,0,0,0,forward,1,,0.000000,11662,11530,131,33
11771,1777042410.006926,104.299751,2026-04-24T14:53:30.006926+00:00,sitl_to_mission,40,-0.001063,0.023620,0.499472,0.500031,-35.363262,149.165237,4.468000,6,10,0.001296,0.001255,-0.706734,,,,,,,55.916780,0.000000,50.000000,25.000000,45.000000,0.000000,1.500000,0.100000,0.050000,0.020000,1,0.000000,0.000000,0,0,0,forward,1,,0.000000,11771,11639,131,33
11880,1777042411.003429,105.296255,2026-04-24T14:53:31.003429+00:00,sitl_to_mission,40,-0.001103,0.022557,0.499256,0.499767,-35.363262,149.165237,3.968000,6,10,0.001109,0.001200,-0.706766,,,,,,,55.915522,0.000000,50.000000,25.000000,45.000000,0.000000,1.500000,0.100000,0.050000,0.020000,1,0.000000,0.000000,0,0,0,forward,1,,0.000000,11880,11748,131,33
11989,1777042412.005510,106.298335,2026-04-24T14:53:32.005510+00:00,sitl_to_mission,40,-0.000623,0.016292,0.499206,0.499472,-35.363262,149.165237,3.467000,6,10,0.000681,0.000772,-0.706731,,,,,,,55.913679,0.000000,50.000000,25.000000,45.000000,0.000000,1.500000,0.100000,0.050000,0.020000,1,0.000000,0.000000,0,0,0,forward,1,,0.000000,11989,11857,131,33
12098,1777042413.003889,107.296714,2026-04-24T14:53:33.003889+00:00,sitl_to_mission,40,-0.000668,0.015823,0.499367,0.499618,-35.363262,149.165237,2.968000,6,10,0.001363,0.001224,-0.706764,,,,,,,55.914535,0.000000,50.000000,25.000000,45.000000,0.000000,1.500000,0.100000,0.050000,0.020000,1,0.000000,0.000000,0,0,0,forward,1,,0.000000,12098,11966,131,33
12207,1777042414.007584,108.300408,2026-04-24T14:53:34.007584+00:00,sitl_to_mission,40,-0.000628,0.017370,0.499572,0.499874,-35.363262,149.165237,2.468000,6,10,0.001210,0.001189,-0.706761,,,,,,,55.914592,0.000000,50.000000,25.000000,45.000000,0.000000,1.500000,0.100000,0.050000,0.020000,1,0.000000,0.000000,0,0,0,forward,1,,0.000000,12207,12075,131,33
12316,1777042415.002381,109.295205,2026-04-24T14:53:35.002381+00:00,sitl_to_mission,40,-0.001008,0.017320,0.500512,0.500813,-35.363262,149.165237,1.969000,6,10,0.001127,0.001203,-0.706760,,,,,,,55.914808,0.000000,50.000000,25.000000,45.000000,0.000000,1.500000,0.100000,0.050000,0.020000,1,0.000000,0.000000,0,0,0,forward,1,,0.000000,12316,12184,131,33
12425,1777042416.005011,110.297838,2026-04-24T14:53:36.005011+00:00,sitl_to_mission,40,-0.000901,0.017553,0.500813,0.501121,-35.363262,149.165237,1.469000,6,10,0.001311,0.001177,-0.706752,,,,,,,55.915392,0.000000,50.000000,25.000000,45.000000,0.000000,1.500000,0.100000,0.050000,0.020000,1,0.000000,0.000000,0,0,0,forward,1,,0.000000,12425,12293,131,33
12535,1777042417.004411,111.297233,2026-04-24T14:53:37.004411+00:00,sitl_to_mission,40,0.000156,0.018500,0.500902,0.501244,-35.363262,149.165237,0.969000,6,10,0.001770,0.001837,-0.706749,,,,,,,55.916065,0.000000,50.000000,25.000000,45.000000,0.000000,1.500000,0.100000,0.050000,0.020000,1,0.000000,0.000000,0,0,0,forward,1,,0.000000,12535,12403,131,33
12644,1777042418.007884,112.300705,2026-04-24T14:53:38.007884+00:00,sitl_to_mission,40,-0.003845,0.024937,0.501014,0.501649,-35.363262,149.165237,0.469000,6,10,0.001300,0.002148,-0.706737,,,,,,,55.914042,0.000000,50.000000,25.000000,45.000000,0.000000,1.500000,0.100000,0.050000,0.020000,1,0.000000,0.000000,0,0,0,forward,1,,0.000000,12644,12512,131,33
12754,1777042419.006479,113.299303,2026-04-24T14:53:39.006479+00:00,sitl_to_mission,40,-0.002079,0.021374,0.275794,0.276628,-35.363262,149.165237,-0.026000,6,10,0.001207,0.001228,-0.706761,,,,,,,55.914339,0.000000,50.000000,25.000000,45.000000,0.000000,1.500000,0.100000,0.050000,0.020000,1,0.000000,0.000000,0,0,0,forward,1,,0.000000,12754,12622,131,33
12863,1777042420.007372,114.300198,2026-04-24T14:53:40.007372+00:00,sitl_to_mission,40,0.001900,0.016549,-0.010036,0.019448,-35.363262,149.165237,0.004000,6,10,0.001216,0.001191,-0.706714,,,,,,,55.912691,0.000000,50.000000,25.000000,45.000000,0.000000,1.500000,0.100000,0.050000,0.020000,1,0.000000,0.000000,0,0,0,forward,1,,0.000000,12863,12731,131,33
12977,1777042421.007458,115.300286,2026-04-24T14:53:41.007458+00:00,sitl_to_mission,40,0.001347,0.016600,-0.005854,0.017654,-35.363262,149.165237,0.007000,6,10,0.001213,0.001231,-0.706690,,,,,,,55.912083,0.000000,50.000000,25.000000,45.000000,0.000000,1.500000,0.100000,0.050000,0.020000,1,0.000000,0.000000,0,0,0,forward,1,,0.000000,12977,12845,131,33
13086,1777042422.005832,116.298655,2026-04-24T14:53:42.005832+00:00,sitl_to_mission,40,0.000193,0.018046,-0.005016,0.018732,-35.363262,149.165237,0.012000,6,10,0.001239,0.001306,-0.706246,,,,,,,55.911706,0.000000,50.000000,25.000000,45.000000,0.000000,1.500000,0.100000,0.050000,0.020000,1,0.000000,0.000000,0,0,0,forward,1,,0.000000,13086,12954,131,33
13195,1777042423.007434,117.300258,2026-04-24T14:53:43.007434+00:00,sitl_to_mission,40,-0.001005,0.018928,-0.004222,0.019420,-35.363262,149.165237,0.016000,6,10,0.001214,0.001331,-0.705743,,,,,,,55.911830,0.000000,50.000000,25.000000,45.000000,0.000000,1.500000,0.100000,0.050000,0.020000,1,0.000000,0.000000,0,0,0,forward,1,,0.000000,13195,13063,131,33
13304,1777042424.010640,118.303467,2026-04-24T14:53:44.010640+00:00,sitl_to_mission,40,-0.001999,0.019099,-0.003537,0.019527,-35.363262,149.165237,0.018000,6,10,0.001213,0.001357,-0.705268,,,,,,,55.912364,0.000000,50.000000,25.000000,45.000000,0.000000,1.500000,0.100000,0.050000,0.020000,1,0.000000,0.000000,0,0,0,forward,1,,0.000000,13304,13172,131,33
13413,1777042425.006139,119.298966,2026-04-24T14:53:45.006139+00:00,sitl_to_mission,40,-0.002474,0.019500,-0.002641,0.019833,-35.363262,149.165237,0.019000,6,10,0.001227,0.001371,-0.704826,,,,,,,55.912787,0.000000,50.000000,25.000000,45.000000,0.000000,1.500000,0.100000,0.050000,0.020000,1,0.000000,0.000000,0,0,0,forward,1,,0.000000,13413,13281,131,33
13522,1777042426.006049,120.298870,2026-04-24T14:53:46.006049+00:00,sitl_to_mission,40,-0.002707,0.020385,-0.001846,0.020647,-35.363262,149.165237,0.019000,6,10,0.001272,0.001398,-0.704421,,,,,,,55.912920,0.000000,50.000000,25.000000,45.000000,0.000000,1.500000,0.100000,0.050000,0.020000,1,0.000000,0.000000,0,0,0,forward,1,,0.000000,13522,13390,131,33
