1,1777005028.179082,0.095224,2026-04-24T04:30:28.179082+00:00,sitl_to_mission,40,,,,,,,,,,,,,,,,,,,,0.000000,55.000000,20.000000,40.000000,0.000000,1.800000,0.250000,0.150000,0.050000,2,0.000000,0.000000,0,0,0,forward,1,,0.000000,1,0,0,0
110,1777005029.178582,1.094720,2026-04-24T04:30:29.178582+00:00,sitl_to_mission,40,-0.015434,0.018442,0.000352,0.024051,-35.363262,149.165237,-0.006000,6,10,0.001252,0.001043,-0.100526,,,,,,,58.530028,0.000000,55.000000,20.000000,40.000000,0.000000,1.800000,0.250000,0.150000,0.050000,2,0.000000,0.000000,0,0,0,forward,1,,0.000000,110,109,0,0
219,1777005030.182642,2.098780,2026-04-24T04:30:30.182642+00:00,sitl_to_mission,40,-0.015222,0.018517,0.000293,0.023972,-35.363262,149.165237,-0.006000,6,10,0.001251,0.001043,-0.100569,,,,,,,58.529940,0.000000,55.000000,20.000000,40.000000,0.000000,1.800000,0.250000,0.150000,0.050000,2,0.000000,0.000000,0,0,0,forward,1,,0.000000,219,218,0,0
328,1777005031.183702,3.099845,2026-04-24T04:30:31.183702+00:00,sitl_to_mission,40,-0.015244,0.018445,0.000279,0.023931,-35.363262,149.165237,-0.006000,6,10,0.001253,0.001044,-0.100610,,,,,,,58.529861,0.000000,55.000000,20.000000,40.000000,0.000000,1.800000,0.250000,0.150000,0.050000,2,0.000000,0.000000,0,0,0,forward,1,,0.000000,328,327,0,0
437,1777005032.179450,4.095589,2026-04-24T04:30:32.179450+00:00,sitl_to_mission,40,-0.015204,0.018644,0.000222,0.024058,-35.363262,149.165237,-0.006000,6,10,0.001252,0.001052,-0.100632,,,,,,,58.529863,0.000000,55.000000,20.000000,40.000000,0.000000,1.800000,0.250000,0.150000,0.050000,2,0.000000,0.000000,0,0,0,forward,1,,0.000000,437,436,0,0
546,1777005033.182515,5.098657,2026-04-24T04:30:33.182515+00:00,sitl_to_mission,40,-0.015384,0.018538,0.000112,0.024090,-35.363262,149.165237,-0.006000,6,10,0.001251,0.001048,-0.100672,,,,,,,58.529869,0.000000,55.000000,20.000000,40.000000,0.000000,1.800000,0.250000,0.150000,0.050000,2,0.000000,0.000000,0,0,0,forward,1,,0.000000,546,545,0,0
655,1777005034.176050,6.092186,2026-04-24T04:30:34.176050+00:00,sitl_to_mission,40,-0.015341,0.018475,0.000057,0.024014,-35.363262,149.165237,-0.006000,6,10,0.001234,0.001053,-0.100706,,,,,,,58.529869,0.000000,55.000000,20.000000,40.000000,0.000000,1.800000,0.250000,0.150000,0.050000,2,0.000000,0.000000,0,0,0,forward,1,,0.000000,655,654,0,0
779,1777005035.183629,7.099770,2026-04-24T04:30:35.183629+00:00,sitl_to_mission,40,-0.015288,0.018159,-0.000007,0.023738,-35.363262,149.165237,-0.006000,6,10,0.001240,0.001053,-0.100729,,,,,,,58.529840,0.000000,55.000000,20.000000,40.000000,0.000000,1.800000,0.250000,0.150000,0.050000,2,0.000000,0.000000,0,0,0,forward,1,,0.000000,779,778,0,11
890,1777005036.181520,8.097662,2026-04-24T04:30:36.181520+00:00,sitl_to_mission,40,-0.015116,0.018153,0.000033,0.023623,-35.363262,149.165237,-0.006000,6,10,0.001240,0.001039,-0.100747,,,,,,,58.529756,0.000000,55.000000,20.000000,40.000000,0.000000,1.800000,0.250000,0.150000,0.050000,2,0.000000,0.000000,0,0,0,forward,1,,0.000000,890,889,0,11
999,1777005037.182503,9.098641,2026-04-24T04:30:37.182503+00:00,sitl_to_mission,40,-0.015144,0.018335,-0.000018,0.023781,-35.363262,149.165237,-0.006000,6,10,0.001238,0.001043,-0.100785,,,,,,,58.529934,0.000000,55.000000,20.000000,40.000000,0.000000,1.800000,0.250000,0.150000,0.050000,2,0.000000,0.000000,0,0,0,forward,1,,0.000000,999,998,0,11
1116,1777005038.179709,10.095852,2026-04-24T04:30:38.179709+00:00,sitl_to_mission,40,-0.014157,0.016978,0.000043,0.022106,-35.363262,149.165237,0.003000,6,10,0.001246,0.001043,-0.100779,,,,,,,58.529754,0.000000,55.000000,20.000000,40.000000,0.000000,1.800000,0.250000,0.150000,0.050000,2,0.000000,0.000000,0,0,0,forward,1,,0.000000,1116,1115,0,15
1226,1777005039.184565,11.100706,2026-04-24T04:30:39.184565+00:00,sitl_to_mission,40,-0.002092,0.002574,-0.000075,0.003317,-35.363262,149.165237,0.003000,6,10,0.001405,0.001194,-0.100813,,,,,,,58.526855,0.000000,55.000000,20.000000,40.000000,0.000000,1.800000,0.250000,0.150000,0.050000,2,0.000000,0.000000,0,0,0,forward,1,,0.000000,1226,1225,0,15
1336,1777005040.053716,11.969860,2026-04-24T04:30:40.053716+00:00,sitl_to_mission,40,0.000000,0.000000,0.000000,0.000000,-35.363262,149.165237,0.003000,6,10,0.001685,0.001466,-0.100885,,,,,,,58.523500,0.000000,55.000000,20.000000,40.000000,0.000000,1.800000,0.250000,0.150000,0.050000,2,0.000000,0.000000,0,0,0,forward,1,,0.000000,1336,1335,0,17
1447,1777005041.050868,12.967010,2026-04-24T04:30:41.050868+00:00,sitl_to_mission,40,0.000000,0.000000,-0.210000,0.210000,-35.363262,149.165237,0.049000,6,10,0.001984,0.001785,-0.100987,,,,,,,58.523500,0.000000,55.000000,20.000000,40.000000,0.000000,1.800000,0.250000,0.150000,0.050000,2,0.000000,0.000000,0,0,0,forward,1,,0.000000,1447,1446,0,17
1558,1777005042.052008,13.968150,2026-04-24T04:30:42.052008+00:00,sitl_to_mission,40,0.000000,-0.010000,-1.300000,1.300038,-35.363262,149.165237,0.922000,6,10,-0.000382,-0.000496,-0.101166,,,,,,,58.516150,0.000000,55.000000,20.000000,40.000000,0.000000,1.800000,0.250000,0.150000,0.050000,2,0.000000,0.000000,0,0,0,forward,1,,0.000000,1558,1557,0,17
1669,1777005043.054023,14.970164,2026-04-24T04:30:43.054023+00:00,sitl_to_mission,60,0.001734,-0.001724,-2.112774,2.112775,-35.363262,149.165237,2.320000,6,10,0.003573,0.003251,-0.101157,,,,,,,58.518969,0.000000,55.000000,20.000000,40.000000,0.000000,1.800000,0.250000,0.150000,0.050000,2,0.000000,0.000000,0,0,0,forward,1,,0.000000,1669,1668,0,17
1782,1777005044.055893,15.972034,2026-04-24T04:30:44.055893+00:00,sitl_to_mission,40,0.000000,0.010000,-2.500000,2.500020,-35.363262,149.165237,5.298000,6,10,0.002812,0.002528,-0.128740,,,,,,,58.511906,0.000000,55.000000,20.000000,40.000000,0.000000,1.800000,0.250000,0.150000,0.050000,2,0.000000,0.000000,0,0,0,forward,1,,0.000000,1782,1781,0,17
1893,1777005045.053469,16.969609,2026-04-24T04:30:45.053469+00:00,sitl_to_mission,40,-0.010000,0.010000,-2.150000,2.150047,-35.363262,149.165237,7.738000,6,10,0.004348,0.004133,-0.128840,,,,,,,58.511906,0.000000,55.000000,20.000000,40.000000,0.000000,1.800000,0.250000,0.150000,0.050000,2,0.000000,0.000000,0,0,0,forward,1,,0.000000,1893,1892,0,17
2004,1777005046.053125,17.969265,2026-04-24T04:30:46.053125+00:00,sitl_to_mission,40,-0.010000,0.010000,-1.110000,1.110090,-35.363262,149.165237,9.388000,6,10,0.004019,0.003616,-0.128838,,,,,,,58.511906,0.000000,55.000000,20.000000,40.000000,0.000000,1.800000,0.250000,0.150000,0.050000,2,0.000000,0.000000,0,0,0,forward,1,,0.000000,2004,2003,0,17
2116,1777005047.056753,18.972893,2026-04-24T04:30:47.056753+00:00,sitl_to_mission,40,-0.010000,0.010000,-0.130000,0.130767,-35.363262,149.165237,9.999000,6,10,0.002627,0.002743,-0.128921,,,,,,,58.511906,0.000000,55.000000,20.000000,40.000000,0.000000,1.800000,0.250000,0.150000,0.050000,2,0.000000,0.000000,0,0,0,forward,1,,0.000000,2116,2115,0,17
2227,1777005048.053158,19.969297,2026-04-24T04:30:48.053158+00:00,sitl_to_mission,40,-0.010000,0.000000,0.010000,0.014142,-35.363262,149.165237,9.958000,6,10,0.002119,0.003273,-0.128860,,,,,,,58.508802,0.000000,55.000000,20.000000,40.000000,0.000000,1.800000,0.250000,0.150000,0.050000,2,0.000000,0.000000,0,0,0,forward,1,,0.000000,2227,2226,0,17
2342,1777005049.054180,20.970320,2026-04-24T04:30:49.054180+00:00,sitl_to_mission,40,1.170000,0.960000,-0.020000,1.513572,-35.363259,149.165240,9.952000,6,10,0.241349,-0.245311,-0.068868,,,,,,,58.122154,0.000000,55.000000,20.000000,40.000000,0.000000,1.800000,0.250000,0.150000,0.050000,2,0.000000,0.000000,0,0,0,forward,1,,0.000000,2342,2341,0,19
2457,1777005050.055230,21.971371,2026-04-24T04:30:50.055230+00:00,sitl_to_mission,40,3.310000,2.730000,-0.020000,4.290618,-35.363238,149.165261,9.970000,6,10,-0.019177,-0.366893,0.736546,,,,,,,55.319054,0.000000,55.000000,20.000000,40.000000,0.000000,1.800000,0.250000,0.150000,0.050000,2,0.000000,0.000000,0,0,0,forward,1,,0.000000,2457,2456,0,19
2572,1777005051.052767,22.968906,2026-04-24T04:30:51.052767+00:00,sitl_to_mission,40,5.030000,4.110000,0.000000,6.495614,-35.363201,149.165298,9.983000,6,10,-0.003414,-0.477542,0.691301,,,,,,,50.372858,0.000000,55.000000,20.000000,40.000000,0.000000,1.800000,0.250000,0.150000,0.050000,2,0.000000,0.000000,0,0,0,forward,1,,0.000000,2572,2571,0,19
2686,1777005052.184940,24.101078,2026-04-24T04:30:52.184940+00:00,sitl_to_mission,40,6.134648,5.008313,-0.032324,7.919479,-35.363156,149.165343,9.997000,6,10,0.000248,-0.366234,0.689614,,,,,,,44.459589,0.000000,55.000000,20.000000,40.000000,0.000000,1.800000,0.250000,0.150000,0.050000,2,0.000000,0.000000,0,0,0,forward,1,,0.000000,2686,2685,0,19
2799,1777005053.184592,25.100731,2026-04-24T04:30:53.184592+00:00,sitl_to_mission,40,4.482345,3.667360,0.028463,5.791524,-35.363107,149.165392,10.001000,6,10,0.003634,0.009345,0.690128,,,,,,,38.185839,0.003819,55.000000,20.000000,40.000000,0.000000,1.800000,0.250000,0.150000,0.050000,2,0.000000,0.000000,0,0,0,delay,1,,0.000657,2799,2798,0,19
2912,1777005054.183932,26.100073,2026-04-24T04:30:54.183932+00:00,sitl_to_mission,40,2.683232,2.210101,0.001507,3.476245,-35.363074,149.165425,10.000000,6,10,0.009872,0.120957,0.691051,,,,,,,34.185054,0.031080,55.000000,20.000000,40.000000,0.000000,1.800000,0.250000,0.150000,0.050000,2,0.000000,0.000000,0,0,0,delay,1,,0.003885,2912,2910,1,19
3025,1777005055.184877,27.101015,2026-04-24T04:30:55.184877+00:00,sitl_to_mission,40,0.608431,0.553244,0.004412,0.822366,-35.363059,149.165441,10.009000,6,10,0.008949,0.263476,0.690558,,,,,,,32.364894,0.050741,55.000000,20.000000,40.000000,0.000000,1.800000,0.250000,0.150000,0.050000,2,0.000000,0.000000,0,0,0,delay,1,,0.009429,3025,3023,1,20
3138,1777005056.185210,28.101349,2026-04-24T04:30:56.185210+00:00,sitl_to_mission,40,-0.220450,-0.132511,0.013100,0.257544,-35.363059,149.165441,10.011000,6,10,0.001903,-0.029782,0.698756,,,,,,,32.398173,0.050344,55.000000,20.000000,40.000000,0.000000,1.800000,0.250000,0.150000,0.050000,2,0.000000,0.000000,0,0,0,delay,1,,0.009668,3138,3135,2,20
3252,1777005057.058613,28.974754,2026-04-24T04:30:57.058613+00:00,sitl_to_mission,40,0.290000,0.250000,0.010000,0.383014,-35.363059,149.165440,10.004000,6,10,0.001047,-0.137667,0.696897,,,,,,,32.467384,0.049522,55.000000,20.000000,40.000000,0.000000,1.800000,0.250000,0.150000,0.050000,2,0.000000,0.000000,0,0,0,delay,1,,0.007553,3252,3249,2,22
3367,1777005058.056807,29.972947,2026-04-24T04:30:58.056807+00:00,sitl_to_mission,40,2.520000,2.070000,0.000000,3.261181,-35.363047,149.165452,10.005000,6,10,0.005567,-0.362887,0.685598,,,,,,,31.052702,0.067505,55.000000,20.000000,40.000000,0.000000,1.800000,0.250000,0.150000,0.050000,2,0.000000,0.000000,0,0,0,delay,1,,0.011713,3367,3363,3,22
3482,1777005059.059520,30.975662,2026-04-24T04:30:59.059520+00:00,sitl_to_mission,40,4.260000,3.510000,0.000000,5.519755,-35.363016,149.165483,10.006000,6,10,0.008693,-0.421684,0.684676,,,,,,,27.726594,0.119242,55.000000,20.000000,40.000000,0.000000,1.800000,0.250000,0.150000,0.050000,2,0.000000,0.000000,0,0,0,delay,1,,0.014054,3482,3475,6,22
3597,1777005060.058609,31.974749,2026-04-24T04:31:00.058609+00:00,sitl_to_mission,40,5.930000,4.900000,-0.010000,7.692529,-35.362970,149.165529,10.000000,6,10,0.007591,-0.500268,0.684705,,,,,,,23.385509,0.205669,55.000000,20.000000,40.000000,0.000000,1.800000,0.250000,0.150000,0.050000,2,0.000000,0.000000,0,0,0,delay,1,,0.032943,3597,3586,10,22
3712,1777005061.057507,32.973646,2026-04-24T04:31:01.057507+00:00,sitl_to_mission,40,4.950000,4.090000,0.020000,6.421137,-35.362918,149.165582,10.004000,6,10,0.005285,-0.036421,0.686243,,,,,,,20.109030,0.284363,55.000000,20.000000,40.000000,0.000000,1.800000,0.250000,0.150000,0.050000,2,0.000000,0.000000,0,0,0,delay,1,,0.053989,3712,3694,17,22
3827,1777005062.057156,33.973297,2026-04-24T04:31:02.057156+00:00,sitl_to_mission,40,3.130000,2.570000,0.000000,4.049914,-35.362881,149.165619,9.986000,6,10,0.000353,0.056147,0.686483,,,,,,,19.282975,0.305972,55.000000,20.000000,40.000000,0.000000,1.800000,0.250000,0.150000,0.050000,2,0.000000,0.000000,0,0,0,delay,1,,0.040481,3827,3800,26,22
3942,1777005063.055211,34.971349,2026-04-24T04:31:03.055211+00:00,sitl_to_mission,40,1.200000,0.960000,0.000000,1.536750,-35.362861,149.165639,9.997000,6,10,-0.000548,0.221091,0.685932,,,,,,,19.437081,0.301887,55.000000,20.000000,40.000000,0.000000,1.800000,0.250000,0.150000,0.050000,2,0.000000,0.000000,0,0,0,delay,1,,0.049408,3942,3908,33,23
4057,1777005064.055370,35.971510,2026-04-24T04:31:04.055370+00:00,sitl_to_mission,40,-0.250000,-0.240000,0.000000,0.346554,-35.362858,149.165642,10.007000,6,10,-0.001006,0.049055,0.685061,,,,,,,19.495366,0.300349,55.000000,20.000000,40.000000,0.000000,1.800000,0.250000,0.150000,0.050000,2,0.000000,0.000000,0,0,0,delay,1,,0.059436,4057,4017,39,23
4172,1777005065.059547,36.975685,2026-04-24T04:31:05.059547+00:00,sitl_to_mission,40,-0.020000,-0.060000,0.000000,0.063246,-35.362859,149.165640,10.000000,6,10,0.001965,-0.019969,0.684501,,,,,,,19.446901,0.301628,55.000000,20.000000,40.000000,0.000000,1.800000,0.250000,0.150000,0.050000,2,0.000000,0.000000,0,0,0,delay,1,,0.053018,4172,4124,47,23
4287,1777005066.058969,37.975106,2026-04-24T04:31:06.058969+00:00,sitl_to_mission,40,0.950000,-0.860000,0.000000,1.281444,-35.362857,149.165638,9.994000,6,10,-0.308351,-0.058775,0.641380,,,,,,,19.114090,0.310476,55.000000,20.000000,40.000000,0.000000,1.800000,0.250000,0.150000,0.050000,2,0.000000,0.000000,0,0,0,delay,1,,0.061721,4287,4227,59,25
4402,1777005067.189035,39.105177,2026-04-24T04:31:07.189035+00:00,sitl_to_mission,40,2.889907,-2.534206,-0.011502,3.843682,-35.362842,149.165620,9.999000,6,10,0.057150,-0.360200,-0.810118,,,,,,,16.918021,0.371692,55.000000,20.000000,40.000000,0.000000,1.800000,0.250000,0.150000,0.050000,2,0.000000,0.000000,0,0,0,delay,1,,0.072650,4402,4331,70,25
4515,1777005068.189253,40.105394,2026-04-24T04:31:08.189253+00:00,sitl_to_mission,40,4.655042,-3.839009,-0.002002,6.033855,-35.362808,149.165585,9.994000,6,10,0.008990,-0.463459,-0.689533,,,,,,,12.399697,0.512787,55.000000,20.000000,40.000000,0.000000,1.800000,0.250000,0.150000,0.050000,2,0.000000,0.000000,0,21,0,delay,1,,0.051338,4515,4419,95,25
4632,1777005069.184798,41.100939,2026-04-24T04:31:09.184798+00:00,sitl_to_mission,40,6.083589,-4.991858,-0.034029,7.869553,-35.362759,149.165535,9.991000,6,10,0.002814,-0.389283,-0.691931,,,,,,,7.117349,0.702801,55.000000,20.000000,40.000000,0.000000,1.800000,0.250000,0.150000,0.050000,2,0.000000,0.000000,0,124,0,drop,0,throttle,0.000000,4632,4471,160,25
4745,1777005070.189660,42.105803,2026-04-24T04:31:10.189660+00:00,sitl_to_mission,40,4.520694,-3.735542,0.018321,5.864408,-35.362708,149.165485,9.986000,6,10,-0.002584,0.013232,-0.691525,,,,,,,7.084552,0.704063,55.000000,20.000000,40.000000,0.000000,1.800000,0.250000,0.150000,0.050000,2,0.000000,0.000000,0,211,0,delay,1,,0.124718,4745,4514,230,25
4858,1777005071.184959,43.101100,2026-04-24T04:31:11.184959+00:00,sitl_to_mission,40,2.729322,-2.295563,-0.016476,3.566382,-35.362675,149.165452,9.981000,6,10,-0.007079,0.109301,-0.691867,,,,,,,10.367600,0.582737,55.000000,20.000000,40.000000,0.000000,1.800000,0.250000,0.150000,0.050000,2,0.000000,0.000000,0,308,0,drop,0,throttle,0.000000,4858,4563,294,25
4971,1777005072.191915,44.108056,2026-04-24T04:31:12.191915+00:00,sitl_to_mission,40,0.711608,-0.668430,-0.009092,0.976354,-35.362659,149.165435,9.997000,6,10,-0.007305,0.257555,-0.691871,,,,,,,12.356434,0.514235,55.000000,20.000000,40.000000,0.000000,1.800000,0.250000,0.150000,0.050000,2,0.000000,0.000000,0,407,0,delay,1,,0.082081,4971,4612,358,26
5086,1777005073.190716,45.106861,2026-04-24T04:31:13.190716+00:00,sitl_to_mission,40,-0.254514,0.121420,0.004830,0.282034,-35.362658,149.165435,10.003000,6,10,-0.002687,-0.023811,-0.699486,,,,,,,12.385375,0.513266,55.000000,20.000000,40.000000,0.000000,1.800000,0.250000,0.150000,0.050000,2,0.000000,0.000000,0,503,0,drop,0,random_loss,0.000000,5086,4660,425,27
5199,1777005074.188089,46.104229,2026-04-24T04:31:14.188089+00:00,sitl_to_mission,40,-0.034324,-0.027366,-0.001088,0.043912,-35.362660,149.165435,9.995000,6,10,0.002057,-0.004527,-0.698102,,,,,,,12.237331,0.518230,55.000000,20.000000,40.000000,0.000000,1.800000,0.250000,0.150000,0.050000,2,0.000000,0.000000,0,605,0,delay,1,,0.061889,5199,4711,487,29
5312,1777005075.024359,46.940500,2026-04-24T04:31:15.024359+00:00,sitl_to_mission,40,1.160000,-0.940000,0.000000,1.493051,-35.362657,149.165433,9.991000,6,10,0.005147,-0.349102,-0.687799,,,,,,,12.467974,0.510506,55.000000,20.000000,40.000000,0.000000,1.800000,0.250000,0.150000,0.050000,2,0.000000,0.000000,0,707,7,delay,1,,0.051487,5312,4755,549,29
5427,1777005076.018562,47.934702,2026-04-24T04:31:16.018562+00:00,sitl_to_mission,40,3.300000,-2.670000,-0.010000,4.244879,-35.362637,149.165412,9.998000,6,10,0.005306,-0.372534,-0.689659,,,,,,,15.086444,0.426458,55.000000,20.000000,40.000000,0.000000,1.800000,0.250000,0.150000,0.050000,2,0.000000,0.000000,0,731,14,delay,1,,0.052372,5427,4838,574,29
5543,1777005077.021855,48.937994,2026-04-24T04:31:17.021855+00:00,sitl_to_mission,40,5.050000,-4.070000,0.000000,6.485939,-35.362600,149.165375,9.996000,6,10,0.008841,-0.481644,-0.690232,,,,,,,20.101179,0.284565,55.000000,20.000000,40.000000,0.000000,1.800000,0.250000,0.150000,0.050000,2,0.000000,0.000000,0,731,2,delay,1,,0.047016,5543,4956,584,29
5658,1777005078.021651,49.937790,2026-04-24T04:31:18.021651+00:00,sitl_to_mission,40,6.070000,-4.880000,-0.030000,7.788466,-35.362548,149.165323,10.002000,6,10,0.005426,-0.335461,-0.688721,,,,,,,27.271002,0.127327,55.000000,20.000000,40.000000,0.000000,1.800000,0.250000,0.150000,0.050000,2,0.000000,0.000000,0,731,0,delay,1,,0.019911,5658,5065,592,29
5773,1777005079.024106,50.940246,2026-04-24T04:31:19.024106+00:00,sitl_to_mission,40,4.210000,-3.380000,0.010000,5.398944,-35.362501,149.165276,9.986000,6,10,0.000346,0.008779,-0.687326,,,,,,,33.886445,0.034011,55.000000,20.000000,40.000000,0.000000,1.800000,0.250000,0.150000,0.050000,2,0.000000,0.000000,0,731,0,delay,1,,0.005135,5773,5178,594,29
5888,1777005080.024377,51.940519,2026-04-24T04:31:20.024377+00:00,sitl_to_mission,40,2.420000,-1.960000,-0.010000,3.114177,-35.362471,149.165246,9.983000,6,10,-0.002679,0.129622,-0.687407,,,,,,,38.198512,0.003771,55.000000,20.000000,40.000000,0.000000,1.800000,0.250000,0.150000,0.050000,2,0.000000,0.000000,0,731,0,delay,1,,0.000671,5888,5292,595,29
6003,1777005081.020091,52.936232,2026-04-24T04:31:21.020091+00:00,sitl_to_mission,40,0.310000,-0.260000,-0.010000,0.404722,-35.362458,149.165233,9.996000,6,10,-0.003463,0.266956,-0.687599,,,,,,,40.032700,0.000000,55.000000,20.000000,40.000000,0.000000,1.800000,0.250000,0.150000,0.050000,2,0.000000,0.000000,0,731,0,forward,1,,0.000000,6003,5407,595,30
6117,1777005082.193064,54.109206,2026-04-24T04:31:22.193064+00:00,sitl_to_mission,40,-0.212763,0.144025,0.003750,0.256954,-35.362459,149.165234,10.001000,6,10,-0.000912,-0.029361,-0.693464,,,,,,,39.980087,0.000001,55.000000,20.000000,40.000000,0.000000,1.800000,0.250000,0.150000,0.050000,2,0.000000,0.000000,0,731,0,delay,1,,0.000000,6117,5521,595,30
6228,1777005083.030425,54.946567,2026-04-24T04:31:23.030425+00:00,sitl_to_mission,40,0.260000,-0.240000,0.000000,0.353836,-35.362459,149.165234,9.995000,6,10,0.001834,-0.159334,-0.692464,,,,,,,39.843316,0.000046,55.000000,20.000000,40.000000,0.000000,1.800000,0.250000,0.150000,0.050000,2,0.000000,0.000000,0,731,0,delay,1,,0.000008,6228,5632,595,32
6343,1777005084.027914,55.944055,2026-04-24T04:31:24.027914+00:00,sitl_to_mission,40,2.530000,-2.060000,-0.010000,3.262606,-35.362447,149.165222,9.995000,6,10,0.004992,-0.365023,-0.687720,,,,,,,41.565138,0.000000,55.000000,20.000000,40.000000,0.000000,1.800000,0.250000,0.150000,0.050000,2,0.000000,0.000000,0,731,0,forward,1,,0.000000,6343,5747,595,32
6458,1777005085.030550,56.946690,2026-04-24T04:31:25.030550+00:00,sitl_to_mission,40,4.300000,-3.470000,0.000000,5.525477,-35.362417,149.165191,9.999000,6,10,0.008319,-0.426975,-0.688678,,,,,,,45.896115,0.000000,55.000000,20.000000,40.000000,0.000000,1.800000,0.250000,0.150000,0.050000,2,0.000000,0.000000,0,731,0,forward,1,,0.000000,6458,5862,595,32
6573,1777005086.031939,57.948078,2026-04-24T04:31:26.031939+00:00,sitl_to_mission,40,6.000000,-4.830000,-0.010000,7.702532,-35.362370,149.165145,9.995000,6,10,0.006853,-0.495505,-0.688247,,,,,,,52.519601,0.000000,55.000000,20.000000,40.000000,0.000000,1.800000,0.250000,0.150000,0.050000,2,0.000000,0.000000,0,731,0,forward,1,,0.000000,6573,5977,595,32
6689,1777005087.032139,58.948276,2026-04-24T04:31:27.032139+00:00,sitl_to_mission,40,5.020000,-4.030000,0.020000,6.437523,-35.362318,149.165093,10.001000,6,10,0.002532,-0.029643,-0.686485,,,,,,,59.943492,0.000000,55.000000,20.000000,40.000000,0.000000,1.800000,0.250000,0.150000,0.050000,2,0.000000,0.000000,0,731,0,forward,1,,0.000000,6689,6093,595,32
6804,1777005088.032413,59.948551,2026-04-24T04:31:28.032413+00:00,sitl_to_mission,40,3.170000,-2.550000,0.000000,4.068341,-35.362281,149.165056,9.981000,6,10,-0.000644,0.060077,-0.686122,,,,,,,65.203154,0.000000,55.000000,20.000000,40.000000,0.000000,1.800000,0.250000,0.150000,0.050000,2,0.000000,0.000000,0,731,0,forward,1,,0.000000,6804,6208,595,32
6919,1777005089.029353,60.945491,2026-04-24T04:31:29.029353+00:00,sitl_to_mission,40,1.190000,-0.980000,-0.010000,1.541623,-35.362261,149.165036,9.991000,6,10,-0.002985,0.225286,-0.686433,,,,,,,68.117495,0.000000,55.000000,20.000000,40.000000,0.000000,1.800000,0.250000,0.150000,0.050000,2,0.000000,0.000000,0,731,0,forward,1,,0.000000,6919,6323,595,33
7034,1777005090.029774,61.945913,2026-04-24T04:31:30.029774+00:00,sitl_to_mission,40,-0.260000,0.190000,0.000000,0.322025,-35.362258,149.165033,10.001000,6,10,-0.001571,0.033893,-0.688941,,,,,,,68.494215,0.000000,55.000000,20.000000,40.000000,0.000000,1.800000,0.250000,0.150000,0.050000,2,0.000000,0.000000,0,731,0,forward,1,,0.000000,7034,6438,595,33
7150,1777005091.031534,62.947672,2026-04-24T04:31:31.031534+00:00,sitl_to_mission,40,-0.050000,0.010000,0.000000,0.050990,-35.362259,149.165035,9.996000,6,10,-0.000233,-0.017654,-0.688734,,,,,,,68.322693,0.000000,55.000000,20.000000,40.000000,0.000000,1.800000,0.250000,0.150000,0.050000,2,0.000000,0.000000,0,731,0,forward,1,,0.000000,7150,6554,595,34
7265,1777005092.032305,63.948447,2026-04-24T04:31:32.032305+00:00,sitl_to_mission,40,0.000000,0.000000,-0.430000,0.430000,-35.362260,149.165035,10.135000,6,10,0.002408,-0.001928,-0.688930,,,,,,,68.266513,0.000000,55.000000,20.000000,40.000000,0.000000,1.800000,0.250000,0.150000,0.050000,2,0.000000,0.000000,0,731,0,forward,1,,0.000000,7265,6669,595,34
7380,1777005093.032764,64.948905,2026-04-24T04:31:33.032764+00:00,sitl_to_mission,40,0.010000,0.000000,-1.340000,1.340037,-35.362260,149.165035,11.030000,6,10,0.002182,-0.001157,-0.688931,,,,,,,68.248121,0.000000,55.000000,20.000000,40.000000,0.000000,1.800000,0.250000,0.150000,0.050000,2,0.000000,0.000000,0,731,0,forward,1,,0.000000,7380,6784,595,34
7495,1777005094.033383,65.949522,2026-04-24T04:31:34.033383+00:00,sitl_to_mission,40,0.010000,0.000000,-1.640000,1.640030,-35.362260,149.165035,12.609000,6,10,0.002782,0.001272,-0.688795,,,,,,,68.248121,0.000000,55.000000,20.000000,40.000000,0.000000,1.800000,0.250000,0.150000,0.050000,2,0.000000,0.000000,0,731,0,forward,1,,0.000000,7495,6899,595,34
7610,1777005095.034971,66.951114,2026-04-24T04:31:35.034971+00:00,sitl_to_mission,40,-0.010000,0.020000,-1.280000,1.280195,-35.362260,149.165035,14.154000,6,10,-0.005112,0.015898,-0.688709,,,,,,,68.253220,0.000000,55.000000,20.000000,40.000000,0.000000,1.800000,0.250000,0.150000,0.050000,2,0.000000,0.000000,0,731,0,forward,1,,0.000000,7610,7014,595,34
7725,1777005096.034788,67.950931,2026-04-24T04:31:36.034788+00:00,sitl_to_mission,40,-0.830000,0.170000,-0.310000,0.902164,-35.362263,149.165035,14.974000,6,10,-0.080811,0.145109,-0.694230,,,,,,,67.952044,0.000000,55.000000,20.000000,40.000000,0.000000,1.800000,0.250000,0.150000,0.050000,2,0.000000,0.000000,0,731,0,forward,1,,0.000000,7725,7129,595,34
7840,1777005097.193301,69.109442,2026-04-24T04:31:37.193301+00:00,sitl_to_mission,40,-2.474777,0.434374,0.075244,2.513735,-35.362276,149.165038,15.006000,6,10,-0.144953,0.250185,-0.706160,,,,,,,66.710423,0.000000,55.000000,20.000000,40.000000,0.000000,1.800000,0.250000,0.150000,0.050000,2,0.000000,0.000000,0,731,0,forward,1,,0.000000,7840,7244,595,34
7953,1777005098.192690,70.108831,2026-04-24T04:31:38.192690+00:00,sitl_to_mission,40,-4.617627,0.763924,-0.024888,4.680457,-35.362308,149.165044,14.970000,6,10,-0.183219,0.317795,-0.717786,,,,,,,63.500410,0.000000,55.000000,20.000000,40.000000,0.000000,1.800000,0.250000,0.150000,0.050000,2,0.000000,0.000000,0,731,0,forward,1,,0.000000,7953,7357,595,34
8066,1777005099.197219,71.113357,2026-04-24T04:31:39.197219+00:00,sitl_to_mission,40,-6.680778,1.087082,-0.017676,6.768667,-35.362358,149.165054,14.981000,6,10,-0.237852,0.411436,-0.739209,,,,,,,58.493701,0.000000,55.000000,20.000000,40.000000,0.000000,1.800000,0.250000,0.150000,0.050000,2,0.000000,0.000000,0,731,0,forward,1,,0.000000,8066,7470,595,34
8182,1777005100.191396,72.107537,2026-04-24T04:31:40.191396+00:00,sitl_to_mission,40,-8.467587,1.384241,-0.015128,8.579998,-35.362427,149.165068,14.985000,6,10,-0.239370,0.429873,-0.744240,,,,,,,51.900004,0.000000,55.000000,20.000000,40.000000,0.000000,1.800000,0.250000,0.150000,0.050000,2,0.000000,0.000000,0,731,0,forward,1,,0.000000,8182,7586,595,34
8295,1777005101.197394,73.113536,2026-04-24T04:31:41.197394+00:00,sitl_to_mission,40,-9.369025,1.550706,-0.014904,9.496502,-35.362508,149.165084,14.988000,6,10,-0.223903,0.419841,-0.741668,,,,,,,44.596234,0.000000,55.000000,20.000000,40.000000,0.000000,1.800000,0.250000,0.150000,0.050000,2,0.000000,0.000000,0,731,0,forward,1,,0.000000,8295,7699,595,34
8408,1777005102.193778,74.109917,2026-04-24T04:31:42.193778+00:00,sitl_to_mission,40,-9.550457,1.603865,-0.011041,9.684200,-35.362593,149.165101,14.992000,6,10,-0.203982,0.398551,-0.736705,,,,,,,37.733831,0.005699,55.000000,20.000000,40.000000,0.000000,1.800000,0.250000,0.150000,0.050000,2,0.000000,0.000000,0,731,0,delay,1,,0.000913,8408,7812,595,34
8521,1777005103.195147,75.111289,2026-04-24T04:31:43.195147+00:00,sitl_to_mission,40,-9.690659,1.648417,-0.005865,9.829861,-35.362680,149.165119,14.991000,6,10,-0.215196,0.414371,-0.740492,,,,,,,32.292095,0.051615,55.000000,20.000000,40.000000,0.000000,1.800000,0.250000,0.150000,0.050000,2,0.000000,0.000000,0,731,0,delay,1,,0.005351,8521,7924,596,34
8634,1777005104.192675,76.108814,2026-04-24T04:31:44.192675+00:00,sitl_to_mission,40,-9.796660,1.664523,-0.008916,9.937065,-35.362767,149.165137,14.991000,6,10,-0.210985,0.409933,-0.739409,,,,,,,29.137488,0.095712,55.000000,20.000000,40.000000,0.000000,1.800000,0.250000,0.150000,0.050000,2,0.000000,0.000000,0,731,0,delay,1,,0.013103,8634,8035,598,34
8747,1777005105.197074,77.113216,2026-04-24T04:31:45.197074+00:00,sitl_to_mission,40,-9.799349,1.668389,-0.007919,9.940363,-35.362856,149.165155,14.992000,6,10,-0.207027,0.407263,-0.738677,,,,,,,29.189562,0.094888,55.000000,20.000000,40.000000,0.000000,1.800000,0.250000,0.150000,0.050000,2,0.000000,0.000000,0,731,0,delay,1,,0.017538,8747,8144,602,34
8860,1777005106.194940,78.111081,2026-04-24T04:31:46.194940+00:00,sitl_to_mission,40,-9.798507,1.661443,-0.006696,9.938369,-35.362944,149.165173,14.992000,6,10,-0.210541,0.407691,-0.739022,,,,,,,32.448290,0.049748,55.000000,20.000000,40.000000,0.000000,1.800000,0.250000,0.150000,0.050000,2,0.000000,0.000000,0,731,0,drop,0,random_loss,0.000000,8860,8255,604,34
8974,1777005107.197228,79.113369,2026-04-24T04:31:47.197228+00:00,sitl_to_mission,40,-9.720923,1.641129,-0.016311,9.858495,-35.363032,149.165190,14.993000,6,10,-0.182560,0.371571,-0.730862,,,,,,,38.095819,0.004166,55.000000,20.000000,40.000000,0.000000,1.800000,0.250000,0.150000,0.050000,2,0.000000,0.000000,0,731,0,delay,1,,0.000633,8974,8368,605,34
9087,1777005108.194189,80.110327,2026-04-24T04:31:48.194189+00:00,sitl_to_mission,40,-8.707073,1.482796,-0.007155,8.832432,-35.363115,149.165207,15.001000,6,10,-0.098598,0.242643,-0.711893,,,,,,,44.842243,0.000000,55.000000,20.000000,40.000000,0.000000,1.800000,0.250000,0.150000,0.050000,2,0.000000,0.000000,0,731,0,forward,1,,0.000000,9087,8481,605,34
9200,1777005109.194593,81.110730,2026-04-24T04:31:49.194593+00:00,sitl_to_mission,40,-6.748449,1.189312,0.009938,6.852454,-35.363185,149.165222,14.992000,6,10,0.008618,0.046057,-0.703123,,,,,,,51.153810,0.000000,55.000000,20.000000,40.000000,0.000000,1.800000,0.250000,0.150000,0.050000,2,0.000000,0.000000,0,731,0,forward,1,,0.000000,9200,8594,605,34
9313,1777005110.197773,82.113912,2026-04-24T04:31:50.197773+00:00,sitl_to_mission,40,-4.155495,0.766373,-0.009535,4.225583,-35.363235,149.165232,14.981000,6,10,0.070260,-0.094546,-0.708831,,,,,,,55.827798,0.000000,55.000000,20.000000,40.000000,0.000000,1.800000,0.250000,0.150000,0.050000,2,0.000000,0.000000,0,731,0,forward,1,,0.000000,9313,8707,605,34
9426,1777005111.193043,83.109179,2026-04-24T04:31:51.193043+00:00,sitl_to_mission,40,-1.661175,0.314404,-0.017055,1.690752,-35.363261,149.165238,14.987000,6,10,0.090668,-0.149530,-0.713281,,,,,,,58.345478,0.000000,55.000000,20.000000,40.000000,0.000000,1.800000,0.250000,0.150000,0.050000,2,0.000000,0.000000,0,731,0,forward,1,,0.000000,9426,8820,605,34
9539,1777005112.196057,84.112198,2026-04-24T04:31:52.196057+00:00,sitl_to_mission,40,-0.163741,0.027912,-0.009483,0.166373,-35.363268,149.165239,14.990000,6,10,0.043791,-0.073725,-0.708018,,,,,,,59.051405,0.000000,55.000000,20.000000,40.000000,0.000000,1.800000,0.250000,0.150000,0.050000,2,0.000000,0.000000,0,731,0,forward,1,,0.000000,9539,8933,605,34
9652,1777005113.197860,85.113997,2026-04-24T04:31:53.197860+00:00,sitl_to_mission,40,0.172769,-0.032286,-0.009931,0.176040,-35.363267,149.165239,14.987000,6,10,-0.004161,0.011384,-0.706186,,,,,,,58.951210,0.000000,55.000000,20.000000,40.000000,0.000000,1.800000,0.250000,0.150000,0.050000,2,0.000000,0.000000,0,731,0,forward,1,,0.000000,9652,9046,605,34
9765,1777005114.196866,86.113002,2026-04-24T04:31:54.196866+00:00,sitl_to_mission,40,0.035403,-0.002119,-0.011015,0.037138,-35.363265,149.165238,14.989000,6,10,0.003072,0.000792,-0.705888,,,,,,,58.846670,0.000000,55.000000,20.000000,40.000000,0.000000,1.800000,0.250000,0.150000,0.050000,2,0.000000,0.000000,0,731,0,forward,1,,0.000000,9765,9159,605,34
9878,1777005115.195278,87.111413,2026-04-24T04:31:55.195278+00:00,sitl_to_mission,40,0.095971,-0.002094,-0.007217,0.096265,-35.363265,149.165238,14.993000,6,10,0.004177,-0.002105,-0.705987,,,,,,,58.763386,0.000000,55.000000,20.000000,40.000000,0.000000,1.800000,0.250000,0.150000,0.050000,2,0.000000,0.000000,0,731,0,forward,1,,0.000000,9878,9272,605,34
9991,1777005116.198799,88.114937,2026-04-24T04:31:56.198799+00:00,sitl_to_mission,40,0.076110,0.003838,-0.004296,0.076328,-35.363264,149.165238,14.995000,6,10,-0.000536,0.004301,-0.705840,,,,,,,58.668433,0.000000,55.000000,20.000000,40.000000,0.000000,1.800000,0.250000,0.150000,0.050000,2,0.000000,0.000000,0,731,0,forward,1,,0.000000,9991,9385,605,34
10095,1777005117.003554,88.919690,2026-04-24T04:31:57.003554+00:00,sitl_to_mission,23,0.030000,0.000000,0.000000,0.030000,-35.363263,149.165238,14.997000,6,10,0.000013,0.002629,-0.706005,,,,,,,58.614466,0.000000,55.000000,20.000000,40.000000,0.000000,1.800000,0.250000,0.150000,0.050000,2,0.000000,0.000000,0,731,0,forward,1,,0.000000,10095,9489,605,34
10218,1777005118.200641,90.116780,2026-04-24T04:31:58.200641+00:00,sitl_to_mission,40,0.023517,0.010719,-0.001449,0.025885,-35.363263,149.165237,14.998000,6,10,0.001353,0.000686,-0.706114,,,,,,,58.590910,0.000000,55.000000,20.000000,40.000000,0.000000,1.800000,0.250000,0.150000,0.050000,2,0.000000,0.000000,0,731,0,forward,1,,0.000000,10218,9612,605,34
10327,1777005119.199751,91.115890,2026-04-24T04:31:59.199751+00:00,sitl_to_mission,40,0.023851,0.009635,0.867543,0.867924,-35.363263,149.165237,14.654000,6,10,0.002258,0.000192,-0.705987,,,,,,,58.578335,0.000000,55.000000,20.000000,40.000000,0.000000,1.800000,0.250000,0.150000,0.050000,2,0.000000,0.000000,0,731,0,forward,1,,0.000000,10327,9721,605,34
10436,1777005120.197595,92.113734,2026-04-24T04:32:00.197595+00:00,sitl_to_mission,40,0.023025,0.012554,1.574037,1.574255,-35.363263,149.165237,13.315000,6,10,0.001570,0.000763,-0.706049,,,,,,,58.565885,0.000000,55.000000,20.000000,40.000000,0.000000,1.800000,0.250000,0.150000,0.050000,2,0.000000,0.000000,0,731,0,forward,1,,0.000000,10436,9830,605,34
10545,1777005121.196460,93.112598,2026-04-24T04:32:01.196460+00:00,sitl_to_mission,40,0.016217,0.013650,1.475687,1.475840,-35.363262,149.165237,11.775000,6,10,0.001199,0.001085,-0.706044,,,,,,,58.554650,0.000000,55.000000,20.000000,40.000000,0.000000,1.800000,0.250000,0.150000,0.050000,2,0.000000,0.000000,0,731,0,forward,1,,0.000000,10545,9939,605,34
10654,1777005122.200465,94.116599,2026-04-24T04:32:02.200465+00:00,sitl_to_mission,40,0.010640,0.016099,0.758223,0.758468,-35.363262,149.165237,10.529000,6,10,0.001177,0.001599,-0.706068,,,,,,,58.546951,0.000000,55.000000,20.000000,40.000000,0.000000,1.800000,0.250000,0.150000,0.050000,2,0.000000,0.000000,0,731,0,forward,1,,0.000000,10654,10048,605,34
10763,1777005123.195082,95.111217,2026-04-24T04:32:03.195082+00:00,sitl_to_mission,40,0.003774,0.017055,0.433537,0.433888,-35.363262,149.165237,10.043000,6,10,0.001451,0.001482,-0.706071,,,,,,,58.543798,0.000000,55.000000,20.000000,40.000000,0.000000,1.800000,0.250000,0.150000,0.050000,2,0.000000,0.000000,0,731,0,forward,1,,0.000000,10763,10157,605,34
10872,1777005124.201033,96.117177,2026-04-24T04:32:04.201033+00:00,sitl_to_mission,40,0.004302,0.019285,0.515977,0.516355,-35.363262,149.165237,9.565000,6,10,0.002132,0.002030,-0.706109,,,,,,,58.542564,0.000000,55.000000,20.000000,40.000000,0.000000,1.800000,0.250000,0.150000,0.050000,2,0.000000,0.000000,0,731,0,forward,1,,0.000000,10872,10266,605,34
10981,1777005125.199473,97.115609,2026-04-24T04:32:05.199473+00:00,sitl_to_mission,40,-0.000350,0.025589,0.511606,0.512245,-35.363262,149.165237,9.056000,6,10,0.001684,0.001686,-0.706112,,,,,,,58.540095,0.000000,55.000000,20.000000,40.000000,0.000000,1.800000,0.250000,0.150000,0.050000,2,0.000000,0.000000,0,731,0,forward,1,,0.000000,10981,10375,605,34
11090,1777005126.199752,98.115888,2026-04-24T04:32:06.199752+00:00,sitl_to_mission,40,0.000577,0.022503,0.507001,0.507501,-35.363262,149.165237,8.553000,6,10,0.001535,0.001052,-0.706179,,,,,,,58.538909,0.000000,55.000000,20.000000,40.000000,0.000000,1.800000,0.250000,0.150000,0.050000,2,0.000000,0.000000,0,731,0,forward,1,,0.000000,11090,10484,605,34
11200,1777005127.198162,99.114301,2026-04-24T04:32:07.198162+00:00,sitl_to_mission,40,-0.000872,0.019807,0.505000,0.505389,-35.363262,149.165237,8.051000,6,10,0.000649,0.000861,-0.706043,,,,,,,58.536531,0.000000,55.000000,20.000000,40.000000,0.000000,1.800000,0.250000,0.150000,0.050000,2,0.000000,0.000000,0,731,0,forward,1,,0.000000,11200,10594,605,34
11309,1777005128.205148,100.121289,2026-04-24T04:32:08.205148+00:00,sitl_to_mission,40,0.000545,0.014753,0.503715,0.503932,-35.363262,149.165237,7.550000,6,10,0.001587,0.001076,-0.706118,,,,,,,58.536414,0.000000,55.000000,20.000000,40.000000,0.000000,1.800000,0.250000,0.150000,0.050000,2,0.000000,0.000000,0,731,0,forward,1,,0.000000,11309,10703,605,34
11418,1777005129.198956,101.115095,2026-04-24T04:32:09.198956+00:00,sitl_to_mission,40,-0.000726,0.017195,0.503475,0.503769,-35.363262,149.165237,7.050000,6,10,0.001160,0.000994,-0.706126,,,,,,,58.536336,0.000000,55.000000,20.000000,40.000000,0.000000,1.800000,0.250000,0.150000,0.050000,2,0.000000,0.000000,0,731,0,forward,1,,0.000000,11418,10812,605,34
11530,1777005130.203802,102.119947,2026-04-24T04:32:10.203802+00:00,sitl_to_mission,40,-0.000048,0.016942,0.502840,0.503125,-35.363262,149.165237,6.550000,6,10,0.001425,0.001102,-0.706103,,,,,,,58.536522,0.000000,55.000000,20.000000,40.000000,0.000000,1.800000,0.250000,0.150000,0.050000,2,0.000000,0.000000,0,731,0,forward,1,,0.000000,11530,10924,605,34
11639,1777005131.201736,103.117878,2026-04-24T04:32:11.201736+00:00,sitl_to_mission,40,-0.001210,0.018333,0.502320,0.502656,-35.363262,149.165237,6.049000,6,10,0.001303,0.001461,-0.706105,,,,,,,58.535991,0.000000,55.000000,20.000000,40.000000,0.000000,1.800000,0.250000,0.150000,0.050000,2,0.000000,0.000000,0,731,0,forward,1,,0.000000,11639,11033,605,34
11748,1777005132.203295,104.119436,2026-04-24T04:32:12.203295+00:00,sitl_to_mission,40,-0.000801,0.018204,0.501586,0.501917,-35.363262,149.165237,5.549000,6,10,0.001435,0.001237,-0.705999,,,,,,,58.536761,0.000000,55.000000,20.000000,40.000000,0.000000,1.800000,0.250000,0.150000,0.050000,2,0.000000,0.000000,0,731,0,forward,1,,0.000000,11748,11142,605,34
11857,1777005133.200366,105.116507,2026-04-24T04:32:13.200366+00:00,sitl_to_mission,40,-0.000773,0.022595,0.499634,0.500145,-35.363262,149.165237,5.046000,6,10,0.002241,0.002015,-0.706034,,,,,,,58.538761,0.000000,55.000000,20.000000,40.000000,0.000000,1.800000,0.250000,0.150000,0.050000,2,0.000000,0.000000,0,731,0,forward,1,,0.000000,11857,11251,605,34
11966,1777005134.205197,106.121343,2026-04-24T04:32:14.205197+00:00,sitl_to_mission,40,-0.000882,0.025991,0.499429,0.500105,-35.363262,149.165237,4.547000,6,10,0.001320,0.001403,-0.706041,,,,,,,58.537548,0.000000,55.000000,20.000000,40.000000,0.000000,1.800000,0.250000,0.150000,0.050000,2,0.000000,0.000000,0,731,0,forward,1,,0.000000,11966,11360,605,34
12075,1777005135.203300,107.119442,2026-04-24T04:32:15.203300+00:00,sitl_to_mission,40,-0.001523,0.022851,0.500402,0.500926,-35.363262,149.165237,4.047000,6,10,0.001396,0.001189,-0.706038,,,,,,,58.537796,0.000000,55.000000,20.000000,40.000000,0.000000,1.800000,0.250000,0.150000,0.050000,2,0.000000,0.000000,0,731,0,forward,1,,0.000000,12075,11469,605,34
12184,1777005136.202036,108.118175,2026-04-24T04:32:16.202036+00:00,sitl_to_mission,40,-0.000494,0.022263,0.500615,0.501110,-35.363262,149.165237,3.548000,6,10,0.000949,0.000843,-0.706050,,,,,,,58.536188,0.000000,55.000000,20.000000,40.000000,0.000000,1.800000,0.250000,0.150000,0.050000,2,0.000000,0.000000,0,731,0,forward,1,,0.000000,12184,11578,605,34
12294,1777005137.204694,109.120835,2026-04-24T04:32:17.204694+00:00,sitl_to_mission,40,-0.000812,0.015374,0.499530,0.499767,-35.363262,149.165237,3.046000,6,10,0.000902,0.000875,-0.706016,,,,,,,58.535359,0.000000,55.000000,20.000000,40.000000,0.000000,1.800000,0.250000,0.150000,0.050000,2,0.000000,0.000000,0,731,0,forward,1,,0.000000,12294,11688,605,34
12403,1777005138.197975,110.114116,2026-04-24T04:32:18.197975+00:00,sitl_to_mission,40,-0.000410,0.016407,0.499389,0.499658,-35.363262,149.165237,2.547000,6,10,0.001406,0.001198,-0.706064,,,,,,,58.535996,0.000000,55.000000,20.000000,40.000000,0.000000,1.800000,0.250000,0.150000,0.050000,2,0.000000,0.000000,0,731,0,forward,1,,0.000000,12403,11797,605,34
12512,1777005139.204218,111.120352,2026-04-24T04:32:19.204218+00:00,sitl_to_mission,40,-0.000973,0.017705,0.498927,0.499242,-35.363262,149.165237,2.046000,6,10,0.001146,0.001129,-0.706034,,,,,,,58.536039,0.000000,55.000000,20.000000,40.000000,0.000000,1.800000,0.250000,0.150000,0.050000,2,0.000000,0.000000,0,731,0,forward,1,,0.000000,12512,11906,605,34
12621,1777005140.202989,112.119129,2026-04-24T04:32:20.202989+00:00,sitl_to_mission,40,-0.000769,0.016994,0.499188,0.499477,-35.363262,149.165237,1.547000,6,10,0.001196,0.000995,-0.706044,,,,,,,58.536627,0.000000,55.000000,20.000000,40.000000,0.000000,1.800000,0.250000,0.150000,0.050000,2,0.000000,0.000000,0,731,0,forward,1,,0.000000,12621,12015,605,34
12730,1777005141.202051,113.118191,2026-04-24T04:32:21.202051+00:00,sitl_to_mission,40,0.000031,0.018122,0.499852,0.500180,-35.363262,149.165237,1.047000,6,10,0.001407,0.001177,-0.706045,,,,,,,58.536567,0.000000,55.000000,20.000000,40.000000,0.000000,1.800000,0.250000,0.150000,0.050000,2,0.000000,0.000000,0,731,0,forward,1,,0.000000,12730,12124,605,34
12839,1777005142.203541,114.119683,2026-04-24T04:32:22.203541+00:00,sitl_to_mission,40,-0.000656,0.017961,0.500437,0.500760,-35.363262,149.165237,0.548000,6,10,0.001560,0.001505,-0.706037,,,,,,,58.537342,0.000000,55.000000,20.000000,40.000000,0.000000,1.800000,0.250000,0.150000,0.050000,2,0.000000,0.000000,0,731,0,forward,1,,0.000000,12839,12233,605,34
12948,1777005143.066521,114.982656,2026-04-24T04:32:23.066521+00:00,sitl_to_mission,43,-0.000676,0.024310,0.499405,0.499997,-35.363262,149.165237,0.046000,6,10,0.001994,0.001716,-0.706027,,,,,,,58.538697,0.000000,55.000000,20.000000,40.000000,0.000000,1.800000,0.250000,0.150000,0.050000,2,0.000000,0.000000,0,731,0,forward,1,,0.000000,12948,12342,605,34
13058,1777005144.203850,116.119990,2026-04-24T04:32:24.203850+00:00,sitl_to_mission,40,-0.000380,0.017734,-0.004626,0.018331,-35.363262,149.165237,-0.002000,6,10,0.001287,0.001141,-0.705982,,,,,,,58.536925,0.000000,55.000000,20.000000,40.000000,0.000000,1.800000,0.250000,0.150000,0.050000,2,0.000000,0.000000,0,731,0,forward,1,,0.000000,13058,12452,605,34
13170,1777005145.145316,117.061456,2026-04-24T04:32:25.145316+00:00,sitl_to_mission,29,0.000632,0.017350,-0.002368,0.017522,-35.363262,149.165237,0.000000,6,10,0.001296,0.001138,-0.705960,,,,,,,58.534064,0.000000,55.000000,20.000000,40.000000,0.000000,1.800000,0.250000,0.150000,0.050000,2,0.000000,0.000000,0,731,0,forward,1,,0.000000,13170,12564,605,34
13281,1777005146.200650,118.116785,2026-04-24T04:32:26.200650+00:00,sitl_to_mission,40,0.000572,0.018391,-0.002504,0.018569,-35.363262,149.165237,0.006000,6,10,0.001316,0.001190,-0.705597,,,,,,,58.532305,0.000000,55.000000,20.000000,40.000000,0.000000,1.800000,0.250000,0.150000,0.050000,2,0.000000,0.000000,0,731,0,forward,1,,0.000000,13281,12675,605,34
13391,1777005147.203062,119.119197,2026-04-24T04:32:27.203062+00:00,sitl_to_mission,40,-0.000175,0.019299,-0.002491,0.019460,-35.363262,149.165237,0.011000,6,10,0.001308,0.001235,-0.705102,,,,,,,58.531496,0.000000,55.000000,20.000000,40.000000,0.000000,1.800000,0.250000,0.150000,0.050000,2,0.000000,0.000000,0,731,0,forward,1,,0.000000,13391,12785,605,34
13500,1777005148.205233,120.121375,2026-04-24T04:32:28.205233+00:00,sitl_to_mission,40,-0.001051,0.019363,-0.002317,0.019529,-35.363262,149.165237,0.014000,6,10,0.001292,0.001264,-0.704627,,,,,,,58.531577,0.000000,55.000000,20.000000,40.000000,0.000000,1.800000,0.250000,0.150000,0.050000,2,0.000000,0.000000,0,731,0,forward,1,,0.000000,13500,12894,605,34
13609,1777005149.205357,121.121501,2026-04-24T04:32:29.205357+00:00,sitl_to_mission,40,-0.001821,0.019559,-0.002067,0.019752,-35.363262,149.165237,0.015000,6,10,0.001305,0.001293,-0.704194,,,,,,,58.531896,0.000000,55.000000,20.000000,40.000000,0.000000,1.800000,0.250000,0.150000,0.050000,2,0.000000,0.000000,0,731,0,forward,1,,0.000000,13609,13003,605,34
13718,1777005150.205069,122.121204,2026-04-24T04:32:30.205069+00:00,sitl_to_mission,40,-0.002257,0.020440,-0.001771,0.020640,-35.363262,149.165237,0.016000,6,10,0.001354,0.001333,-0.703792,,,,,,,58.532140,0.000000,55.000000,20.000000,40.000000,0.000000,1.800000,0.250000,0.150000,0.050000,2,0.000000,0.000000,0,731,0,forward,1,,0.000000,13718,13112,605,34
13827,1777005151.207439,123.123578,2026-04-24T04:32:31.207439+00:00,sitl_to_mission,40,-0.002434,0.021864,-0.001438,0.022046,-35.363262,149.165237,0.017000,6,10,0.001412,0.001372,-0.703415,,,,,,,58.532090,0.000000,55.000000,20.000000,40.000000,0.000000,1.800000,0.250000,0.150000,0.050000,2,0.000000,0.000000,0,731,0,forward,1,,0.000000,13827,13221,605,34
13936,1777005152.205801,124.121941,2026-04-24T04:32:32.205801+00:00,sitl_to_mission,40,-0.002346,0.023430,-0.001061,0.023571,-35.363262,149.165237,0.017000,6,10,0.001459,0.001407,-0.703080,,,,,,,58.531773,0.000000,55.000000,20.000000,40.000000,0.000000,1.800000,0.250000,0.150000,0.050000,2,0.000000,0.000000,0,731,0,forward,1,,0.000000,13936,13330,605,34
14045,1777005153.207295,125.123434,2026-04-24T04:32:33.207295+00:00,sitl_to_mission,40,-0.001949,0.024415,-0.000744,0.024504,-35.363262,149.165237,0.017000,6,10,0.001483,0.001422,-0.702773,,,,,,,58.531316,0.000000,55.000000,20.000000,40.000000,0.000000,1.800000,0.250000,0.150000,0.050000,2,0.000000,0.000000,0,731,0,forward,1,,0.000000,14045,13439,605,34
14154,1777005154.202116,126.118255,2026-04-24T04:32:34.202116+00:00,sitl_to_mission,40,-0.001982,0.024965,-0.000572,0.025050,-35.363262,149.165237,0.017000,6,10,0.001494,0.001434,-0.702495,,,,,,,58.530912,0.000000,55.000000,20.000000,40.000000,0.000000,1.800000,0.250000,0.150000,0.050000,2,0.000000,0.000000,0,731,0,forward,1,,0.000000,14154,13548,605,34
14263,1777005155.208912,127.125054,2026-04-24T04:32:35.208912+00:00,sitl_to_mission,40,-0.002103,0.025442,-0.000384,0.025532,-35.363262,149.165237,0.017000,6,10,0.001500,0.001441,-0.702224,,,,,,,58.530673,0.000000,55.000000,20.000000,40.000000,0.000000,1.800000,0.250000,0.150000,0.050000,2,0.000000,0.000000,0,731,0,forward,1,,0.000000,14263,13657,605,34
14372,1777005156.204087,128.120223,2026-04-24T04:32:36.204087+00:00,sitl_to_mission,40,-0.002134,0.025570,-0.000328,0.025661,-35.363262,149.165237,0.016000,6,10,0.001495,0.001447,-0.701973,,,,,,,58.530580,0.000000,55.000000,20.000000,40.000000,0.000000,1.800000,0.250000,0.150000,0.050000,2,0.000000,0.000000,0,731,0,forward,1,,0.000000,14372,13766,605,34
14482,1777005157.206035,129.122174,2026-04-24T04:32:37.206035+00:00,sitl_to_mission,40,-0.002199,0.025379,-0.000306,0.025476,-35.363262,149.165237,0.016000,6,10,0.001477,0.001427,-0.701753,,,,,,,58.530575,0.000000,55.000000,20.000000,40.000000,0.000000,1.800000,0.250000,0.150000,0.050000,2,0.000000,0.000000,0,731,0,forward,1,,0.000000,14482,13876,605,34
14591,1777005158.208683,130.124823,2026-04-24T04:32:38.208683+00:00,sitl_to_mission,40,-0.002140,0.025059,-0.000156,0.025151,-35.363262,149.165237,0.016000,6,10,0.001464,0.001411,-0.701526,,,,,,,58.530589,0.000000,55.000000,20.000000,40.000000,0.000000,1.800000,0.250000,0.150000,0.050000,2,0.000000,0.000000,0,731,0,forward,1,,0.000000,14591,13985,605,34
14700,1777005159.209311,131.125451,2026-04-24T04:32:39.209311+00:00,sitl_to_mission,40,-0.001981,0.024665,-0.000116,0.024744,-35.363262,149.165237,0.016000,6,10,0.001463,0.001399,-0.701316,,,,,,,58.530629,0.000000,55.000000,20.000000,40.000000,0.000000,1.800000,0.250000,0.150000,0.050000,2,0.000000,0.000000,0,731,0,forward,1,,0.000000,14700,14094,605,34
14809,1777005160.207099,132.123240,2026-04-24T04:32:40.207099+00:00,sitl_to_mission,40,-0.002075,0.024347,0.000034,0.024435,-35.363262,149.165237,0.016000,6,10,0.001469,0.001396,-0.701119,,,,,,,58.530736,0.000000,55.000000,20.000000,40.000000,0.000000,1.800000,0.250000,0.150000,0.050000,2,0.000000,0.000000,0,731,0,forward,1,,0.000000,14809,14203,605,34
14912,1777005161.005384,132.921521,2026-04-24T04:32:41.005384+00:00,sitl_to_mission,34,0.000000,0.020000,0.000000,0.020000,-35.363262,149.165237,0.015000,6,10,0.001457,0.001404,-0.700940,,,,,,,58.532802,0.000000,55.000000,20.000000,40.000000,0.000000,1.800000,0.250000,0.150000,0.050000,2,0.000000,0.000000,0,731,0,forward,1,,0.000000,14912,14306,605,34
15027,1777005162.204753,134.120891,2026-04-24T04:32:42.204753+00:00,sitl_to_mission,40,-0.002211,0.024226,0.000175,0.024327,-35.363262,149.165237,0.015000,6,10,0.001447,0.001401,-0.700764,,,,,,,58.530819,0.000000,55.000000,20.000000,40.000000,0.000000,1.800000,0.250000,0.150000,0.050000,2,0.000000,0.000000,0,731,0,forward,1,,0.000000,15027,14421,605,34
15136,1777005163.204871,135.121011,2026-04-24T04:32:43.204871+00:00,sitl_to_mission,40,-0.002287,0.024186,0.000206,0.024294,-35.363262,149.165237,0.015000,6,10,0.001449,0.001400,-0.700583,,,,,,,58.530890,0.000000,55.000000,20.000000,40.000000,0.000000,1.800000,0.250000,0.150000,0.050000,2,0.000000,0.000000,0,731,0,forward,1,,0.000000,15136,14530,605,34
15245,1777005164.207845,136.123985,2026-04-24T04:32:44.207845+00:00,sitl_to_mission,40,-0.002134,0.024266,0.000224,0.024360,-35.363262,149.165237,0.015000,6,10,0.001456,0.001400,-0.700420,,,,,,,58.530870,0.000000,55.000000,20.000000,40.000000,0.000000,1.800000,0.250000,0.150000,0.050000,2,0.000000,0.000000,0,731,0,forward,1,,0.000000,15245,14639,605,34
15354,1777005165.208024,137.124165,2026-04-24T04:32:45.208024+00:00,sitl_to_mission,40,-0.002073,0.024258,0.000297,0.024348,-35.363262,149.165237,0.015000,6,10,0.001449,0.001394,-0.700279,,,,,,,58.530809,0.000000,55.000000,20.000000,40.000000,0.000000,1.800000,0.250000,0.150000,0.050000,2,0.000000,0.000000,0,731,0,forward,1,,0.000000,15354,14748,605,34
15463,1777005166.207777,138.123911,2026-04-24T04:32:46.207777+00:00,sitl_to_mission,40,-0.002053,0.024037,0.000101,0.024125,-35.363262,149.165237,0.015000,6,10,0.001428,0.001385,-0.700150,,,,,,,58.530808,0.000000,55.000000,20.000000,40.000000,0.000000,1.800000,0.250000,0.150000,0.050000,2,0.000000,0.000000,0,731,0,forward,1,,0.000000,15463,14857,605,34
15573,1777005167.208689,139.124826,2026-04-24T04:32:47.208689+00:00,sitl_to_mission,40,-0.002039,0.023824,0.000111,0.023911,-35.363262,149.165237,0.015000,6,10,0.001425,0.001395,-0.700032,,,,,,,58.530844,0.000000,55.000000,20.000000,40.000000,0.000000,1.800000,0.250000,0.150000,0.050000,2,0.000000,0.000000,0,731,0,forward,1,,0.000000,15573,14967,605,34
15682,1777005168.209788,140.125928,2026-04-24T04:32:48.209788+00:00,sitl_to_mission,40,-0.002405,0.024124,0.000121,0.024244,-35.363262,149.165237,0.015000,6,10,0.001435,0.001401,-0.699908,,,,,,,58.530944,0.000000,55.000000,20.000000,40.000000,0.000000,1.800000,0.250000,0.150000,0.050000,2,0.000000,0.000000,0,731,0,forward,1,,0.000000,15682,15076,605,34
15791,1777005169.209407,141.125546,2026-04-24T04:32:49.209407+00:00,sitl_to_mission,40,-0.002288,0.024305,0.000236,0.024414,-35.363262,149.165237,0.015000,6,10,0.001438,0.001387,-0.699805,,,,,,,58.530945,0.000000,55.000000,20.000000,40.000000,0.000000,1.800000,0.250000,0.150000,0.050000,2,0.000000,0.000000,0,731,0,forward,1,,0.000000,15791,15185,605,34
