1,1777005171.958384,0.012829,2026-04-24T04:32:51.958384+00:00,sitl_to_mission,40,,,,,,,,,,,,,,,,,,,,0.000000,60.000000,15.000000,45.000000,0.000000,1.500000,0.120000,0.100000,0.050000,1,0.005000,2.000000,0,0,0,forward,1,,0.000000,1,0,0,0
28,1777005172.212564,0.267018,2026-04-24T04:32:52.212564+00:00,sitl_to_mission,40,-0.001912,0.024124,0.000037,0.024200,-35.363262,149.165237,0.015000,6,10,0.001454,0.001386,-0.699552,,,,,,,61.852235,0.000000,60.000000,15.000000,45.000000,0.000000,1.500000,0.120000,0.100000,0.050000,1,0.005000,2.000000,0,0,0,forward,1,,0.000000,28,27,0,0
137,1777005173.208503,1.262953,2026-04-24T04:32:53.208503+00:00,sitl_to_mission,40,-0.001871,0.024176,0.000121,0.024249,-35.363262,149.165237,0.015000,6,10,0.001458,0.001395,-0.699485,,,,,,,61.852190,0.000000,60.000000,15.000000,45.000000,0.000000,1.500000,0.120000,0.100000,0.050000,1,0.005000,2.000000,0,0,0,forward,1,,0.000000,137,136,0,0
246,1777005174.212929,2.267379,2026-04-24T04:32:54.212929+00:00,sitl_to_mission,40,-0.001957,0.024061,0.000133,0.024141,-35.363262,149.165237,0.015000,6,10,0.001447,0.001399,-0.699429,,,,,,,61.852230,0.000000,60.000000,15.000000,45.000000,0.000000,1.500000,0.120000,0.100000,0.050000,1,0.005000,2.000000,0,0,0,forward,1,,0.000000,246,245,0,0
356,1777005175.206885,3.261329,2026-04-24T04:32:55.206885+00:00,sitl_to_mission,40,-0.002136,0.024191,0.000020,0.024286,-35.363262,149.165237,0.015000,6,10,0.001457,0.001400,-0.699376,,,,,,,61.852268,0.000000,60.000000,15.000000,45.000000,0.000000,1.500000,0.120000,0.100000,0.050000,1,0.005000,2.000000,0,0,0,forward,1,,0.000000,356,355,0,0
485,1777005176.194348,4.248799,2026-04-24T04:32:56.194348+00:00,sitl_to_mission,40,0.000000,0.020000,0.000000,0.020000,-35.363262,149.165237,0.015000,6,10,0.001450,0.001397,-0.699341,,,,,,,61.846584,0.000000,60.000000,15.000000,45.000000,0.000000,1.500000,0.120000,0.100000,0.050000,1,0.005000,2.000000,0,0,0,forward,1,,0.000000,485,484,0,11
597,1777005177.197507,5.251959,2026-04-24T04:32:57.197507+00:00,sitl_to_mission,40,0.000000,0.020000,0.000000,0.020000,-35.363262,149.165237,0.015000,6,10,0.001444,0.001392,-0.699303,,,,,,,61.846584,0.000000,60.000000,15.000000,45.000000,0.000000,1.500000,0.120000,0.100000,0.050000,1,0.005000,2.000000,0,0,0,forward,1,,0.000000,597,596,0,11
708,1777005178.199934,6.254385,2026-04-24T04:32:58.199934+00:00,sitl_to_mission,40,0.000000,0.020000,0.000000,0.020000,-35.363262,149.165237,0.015000,6,10,0.001424,0.001379,-0.699261,,,,,,,61.846584,0.000000,60.000000,15.000000,45.000000,0.000000,1.500000,0.120000,0.100000,0.050000,1,0.005000,2.000000,0,0,0,forward,1,,0.000000,708,707,0,11
827,1777005179.196091,7.250543,2026-04-24T04:32:59.196091+00:00,sitl_to_mission,40,0.000000,0.020000,0.000000,0.020000,-35.363262,149.165237,0.005000,6,10,0.001419,0.001375,-0.699242,,,,,,,61.846584,0.000000,60.000000,15.000000,45.000000,0.000000,1.500000,0.120000,0.100000,0.050000,1,0.005000,2.000000,0,0,0,forward,1,,0.000000,827,826,0,15
938,1777005180.194709,8.249159,2026-04-24T04:33:00.194709+00:00,sitl_to_mission,40,0.000000,0.020000,0.000000,0.020000,-35.363262,149.165237,0.005000,6,10,0.001426,0.001370,-0.699225,,,,,,,61.846584,0.000000,60.000000,15.000000,45.000000,0.000000,1.500000,0.120000,0.100000,0.050000,1,0.005000,2.000000,0,0,0,forward,1,,0.000000,938,937,0,15
1050,1777005181.196268,9.250718,2026-04-24T04:33:01.196268+00:00,sitl_to_mission,40,0.000000,0.020000,0.000000,0.020000,-35.363262,149.165237,0.005000,6,10,0.001470,0.001414,-0.699210,,,,,,,61.846584,0.000000,60.000000,15.000000,45.000000,0.000000,1.500000,0.120000,0.100000,0.050000,1,0.005000,2.000000,0,0,0,forward,1,,0.000000,1050,1049,0,17
1161,1777005182.200963,10.255415,2026-04-24T04:33:02.200963+00:00,sitl_to_mission,40,0.000000,0.010000,-0.290000,0.290172,-35.363262,149.165237,0.083000,6,10,0.001547,0.001470,-0.699223,,,,,,,61.846584,0.000000,60.000000,15.000000,45.000000,0.000000,1.500000,0.120000,0.100000,0.050000,1,0.005000,2.000000,0,0,0,forward,1,,0.000000,1161,1160,0,17
1272,1777005183.199384,11.253834,2026-04-24T04:33:03.199384+00:00,sitl_to_mission,40,0.000000,0.000000,-1.430000,1.430000,-35.363262,149.165237,1.108000,6,10,-0.000974,-0.001052,-0.699416,,,,,,,61.848784,0.000000,60.000000,15.000000,45.000000,0.000000,1.500000,0.120000,0.100000,0.050000,1,0.005000,2.000000,0,0,0,forward,1,,0.000000,1272,1271,0,17
1383,1777005184.082036,12.136486,2026-04-24T04:33:04.082036+00:00,sitl_to_mission,60,-0.001717,0.019748,-2.247813,2.247900,-35.363262,149.165237,2.601000,6,10,0.003500,0.003236,-0.699398,,,,,,,61.857078,0.000000,60.000000,15.000000,45.000000,0.000000,1.500000,0.120000,0.100000,0.050000,1,0.005000,2.000000,0,0,0,forward,1,,0.000000,1383,1382,0,17
1496,1777005185.199011,13.253461,2026-04-24T04:33:05.199011+00:00,sitl_to_mission,40,0.000000,0.020000,-2.480000,2.480081,-35.363262,149.165237,5.624000,6,10,0.001514,0.001379,-0.720618,,,,,,,61.850985,0.000000,60.000000,15.000000,45.000000,0.000000,1.500000,0.120000,0.100000,0.050000,1,0.005000,2.000000,0,0,0,forward,1,,0.000000,1496,1495,0,17
1607,1777005186.193748,14.248198,2026-04-24T04:33:06.193748+00:00,sitl_to_mission,40,0.000000,0.020000,-2.040000,2.040098,-35.363262,149.165237,8.000000,6,10,0.001607,0.001417,-0.720522,,,,,,,61.850985,0.000000,60.000000,15.000000,45.000000,0.000000,1.500000,0.120000,0.100000,0.050000,1,0.005000,2.000000,0,0,0,forward,1,,0.000000,1607,1606,0,17
1716,1777005187.212487,15.266943,2026-04-24T04:33:07.212487+00:00,sitl_to_mission,40,-0.001988,0.022516,-1.233340,1.233547,-35.363262,149.165237,9.259000,6,10,0.002783,0.002793,-0.720505,,,,,,,61.856359,0.000000,60.000000,15.000000,45.000000,0.000000,1.500000,0.120000,0.100000,0.050000,1,0.005000,2.000000,0,0,0,forward,1,,0.000000,1716,1715,0,17
1825,1777005188.211380,16.265830,2026-04-24T04:33:08.211380+00:00,sitl_to_mission,40,-0.001222,0.024557,-0.239374,0.240633,-35.363262,149.165237,9.979000,6,10,0.002316,0.001809,-0.720616,,,,,,,61.855986,0.000000,60.000000,15.000000,45.000000,0.000000,1.500000,0.120000,0.100000,0.050000,1,0.005000,2.000000,0,0,0,forward,1,,0.000000,1825,1824,0,17
1934,1777005189.212945,17.267395,2026-04-24T04:33:09.212945+00:00,sitl_to_mission,40,-0.002256,0.023375,0.024829,0.034175,-35.363262,149.165237,9.963000,6,10,0.002072,0.002174,-0.720615,,,,,,,61.855449,0.000000,60.000000,15.000000,45.000000,0.000000,1.500000,0.120000,0.100000,0.050000,1,0.005000,2.000000,0,0,0,forward,1,,0.000000,1934,1933,0,17
2046,1777005190.036413,18.090866,2026-04-24T04:33:10.036413+00:00,sitl_to_mission,40,0.680000,0.540000,-0.020000,0.868562,-35.363261,149.165238,9.951000,6,10,0.277752,-0.041781,-0.715850,,,,,,,61.688763,0.000000,60.000000,15.000000,45.000000,0.000000,1.500000,0.120000,0.100000,0.050000,1,0.005000,2.000000,0,0,0,forward,1,,0.000000,2046,2045,0,19
2161,1777005191.036637,19.091087,2026-04-24T04:33:11.036637+00:00,sitl_to_mission,40,2.970000,2.460000,-0.030000,3.856605,-35.363244,149.165255,9.968000,6,10,-0.041394,-0.365912,0.790083,,,,,,,59.525208,0.000000,60.000000,15.000000,45.000000,0.000000,1.500000,0.120000,0.100000,0.050000,1,0.005000,2.000000,0,0,0,forward,1,,0.000000,2161,2160,0,19
2276,1777005192.036585,20.091035,2026-04-24T04:33:12.036585+00:00,sitl_to_mission,40,4.690000,3.820000,-0.010000,6.048851,-35.363210,149.165289,9.982000,6,10,-0.000698,-0.456466,0.686631,,,,,,,55.175468,0.000000,60.000000,15.000000,45.000000,0.000000,1.500000,0.120000,0.100000,0.050000,1,0.005000,2.000000,0,0,0,forward,1,,0.000000,2276,2275,0,19
2391,1777005193.036834,21.091287,2026-04-24T04:33:13.036834+00:00,sitl_to_mission,40,6.130000,5.000000,-0.030000,7.910613,-35.363160,149.165339,9.995000,6,10,-0.001113,-0.430461,0.693043,,,,,,,49.035232,0.000000,60.000000,15.000000,45.000000,0.000000,1.500000,0.120000,0.100000,0.050000,1,0.005000,2.000000,0,0,0,forward,1,,0.000000,2391,2390,0,19
2506,1777005194.036179,22.090630,2026-04-24T04:33:14.036179+00:00,sitl_to_mission,40,4.620000,3.780000,0.020000,5.969355,-35.363110,149.165389,10.000000,6,10,0.003118,-0.000833,0.692540,,,,,,,43.104944,0.008642,60.000000,15.000000,45.000000,0.000000,1.500000,0.120000,0.100000,0.050000,1,0.005000,2.000000,0,0,0,delay,1,,0.000968,2506,2505,0,19
2606,1777005195.002511,23.056957,2026-04-24T04:33:15.002511+00:00,sitl_to_mission,41,3.190552,2.615544,-0.000979,4.125614,-35.363082,149.165417,9.990000,6,10,0.003643,0.093380,0.692632,,,,,,,39.940796,0.037697,60.000000,15.000000,45.000000,0.000000,1.500000,0.120000,0.100000,0.050000,1,0.005000,2.000000,0,0,0,delay,1,,0.001991,2606,2605,0,19
2736,1777005196.034879,24.089327,2026-04-24T04:33:16.034879+00:00,sitl_to_mission,40,0.790000,0.670000,0.000000,1.035857,-35.363059,149.165440,10.002000,6,10,0.004536,0.248368,0.692251,,,,,,,37.590879,0.066808,60.000000,15.000000,45.000000,0.000000,1.500000,0.120000,0.100000,0.050000,1,0.005000,2.000000,0,0,0,delay,1,,0.006391,2736,2734,1,20
2852,1777005197.037060,25.091509,2026-04-24T04:33:17.037060+00:00,sitl_to_mission,40,-0.210000,-0.150000,0.000000,0.258070,-35.363059,149.165441,10.008000,6,10,0.001863,-0.012414,0.694978,,,,,,,37.519132,0.067781,60.000000,15.000000,45.000000,0.000000,1.500000,0.120000,0.100000,0.050000,1,0.005000,2.000000,0,0,0,delay,1,,0.007372,2852,2849,2,20
2967,1777005198.033875,26.088321,2026-04-24T04:33:18.033875+00:00,sitl_to_mission,40,0.040000,0.050000,0.000000,0.064031,-35.363059,149.165440,10.003000,6,10,0.001396,-0.058559,0.694057,,,,,,,37.612214,0.066520,60.000000,15.000000,45.000000,0.000000,1.500000,0.120000,0.100000,0.050000,1,0.005000,2.000000,0,0,0,delay,1,,0.008206,2967,2963,3,22
3080,1777005199.000255,27.054700,2026-04-24T04:33:19.000255+00:00,sitl_to_mission,53,1.628331,1.339064,-0.001036,2.108211,-35.363055,149.165445,10.002000,6,10,0.001964,-0.369038,0.688460,,,,,,,37.088183,0.073722,60.000000,15.000000,45.000000,0.000000,1.500000,0.120000,0.100000,0.050000,1,0.005000,2.000000,0,0,7,delay,1,,0.006312,3080,3068,4,22
3184,1777005200.002065,28.056514,2026-04-24T04:33:20.002065+00:00,sitl_to_mission,34,3.566462,2.931632,0.002209,4.616722,-35.363031,149.165468,10.007000,6,10,0.004944,-0.401483,0.687705,,,,,,,34.760298,0.108546,60.000000,15.000000,45.000000,0.000000,1.500000,0.120000,0.100000,0.050000,1,0.005000,2.000000,0,0,0,delay,1,,0.015467,3184,3179,4,22
3312,1777005201.037673,29.092121,2026-04-24T04:33:21.037673+00:00,sitl_to_mission,40,5.650000,4.660000,0.000000,7.323804,-35.362981,149.165518,10.000000,6,10,0.004126,-0.514362,0.687491,,,,,,,30.564161,0.181696,60.000000,15.000000,45.000000,0.000000,1.500000,0.120000,0.100000,0.050000,1,0.005000,2.000000,0,0,0,delay,1,,0.020115,3312,3305,6,22
3421,1777005202.002776,30.057224,2026-04-24T04:33:22.002776+00:00,sitl_to_mission,40,5.561841,4.585485,-0.002682,7.208381,-35.362931,149.165568,10.009000,6,10,0.004242,-0.102199,0.687911,,,,,,,27.591929,0.240606,60.000000,15.000000,45.000000,0.000000,1.500000,0.120000,0.100000,0.050000,1,0.005000,2.000000,1,0,11,drop,0,burst,0.000000,3421,3395,14,22
3536,1777005203.000589,31.055033,2026-04-24T04:33:23.000589+00:00,sitl_to_mission,62,3.601882,2.970397,0.004731,4.668708,-35.362890,149.165609,9.985000,6,10,0.000751,0.033263,0.688237,,,,,,,26.403694,0.265657,60.000000,15.000000,45.000000,0.000000,1.500000,0.120000,0.100000,0.050000,1,0.005000,2.000000,0,0,17,delay,1,,0.030290,3536,3454,64,22
3652,1777005204.212439,32.266889,2026-04-24T04:33:24.212439+00:00,sitl_to_mission,40,1.798623,1.467377,-0.010523,2.321282,-35.362865,149.165635,9.992000,6,10,-0.000546,0.195580,0.687684,,,,,,,26.327041,0.267301,60.000000,15.000000,45.000000,0.000000,1.500000,0.120000,0.100000,0.050000,1,0.005000,2.000000,0,0,0,delay,1,,0.013733,3652,3584,67,23
3769,1777005205.215797,33.270248,2026-04-24T04:33:25.215797+00:00,sitl_to_mission,40,-0.147319,-0.138906,-0.007007,0.202600,-35.362858,149.165642,10.005000,6,10,-0.000187,0.125798,0.686880,,,,,,,26.399390,0.265749,60.000000,15.000000,45.000000,0.000000,1.500000,0.120000,0.100000,0.050000,1,0.005000,2.000000,0,0,0,delay,1,,0.020442,3769,3697,71,23
3882,1777005206.215588,34.270038,2026-04-24T04:33:26.215588+00:00,sitl_to_mission,40,-0.080061,-0.094436,0.006918,0.123999,-35.362859,149.165640,10.002000,6,10,0.000290,-0.024865,0.685813,,,,,,,26.373618,0.266302,60.000000,15.000000,45.000000,0.000000,1.500000,0.120000,0.100000,0.050000,1,0.005000,2.000000,0,0,0,delay,1,,0.031250,3882,3808,73,23
3996,1777005207.054981,35.109430,2026-04-24T04:33:27.054981+00:00,sitl_to_mission,40,0.640000,-0.560000,0.000000,0.850412,-35.362858,149.165639,9.997000,6,10,-0.260688,-0.041898,0.686654,,,,,,,26.197077,0.270097,60.000000,15.000000,45.000000,0.000000,1.500000,0.120000,0.100000,0.050000,1,0.005000,2.000000,0,0,0,delay,1,,0.035094,3996,3922,73,25
4110,1777005208.000260,36.054705,2026-04-24T04:33:28.000260+00:00,sitl_to_mission,56,2.461655,-2.225068,-0.011509,3.318254,-35.362847,149.165626,9.999000,6,10,0.041477,-0.362266,-0.781270,,,,,,,24.533988,0.306712,60.000000,15.000000,45.000000,0.000000,1.500000,0.120000,0.100000,0.050000,1,0.005000,2.000000,0,0,21,delay,1,,0.031700,4110,4010,78,25
4226,1777005209.059907,37.114362,2026-04-24T04:33:29.059907+00:00,sitl_to_mission,40,4.610000,-3.820000,0.000000,5.987028,-35.362809,149.165586,9.997000,6,10,0.005737,-0.449903,-0.684569,,,,,,,19.202048,0.434069,60.000000,15.000000,45.000000,0.000000,1.500000,0.120000,0.100000,0.050000,1,0.005000,2.000000,0,0,0,delay,1,,0.058986,4226,4137,88,25
4341,1777005210.057476,38.111955,2026-04-24T04:33:30.057476+00:00,sitl_to_mission,40,6.070000,-4.990000,-0.020000,7.857824,-35.362760,149.165536,9.994000,6,10,0.004201,-0.436296,-0.691501,,,,,,,12.778918,0.605887,60.000000,15.000000,45.000000,0.000000,1.500000,0.120000,0.100000,0.050000,1,0.005000,2.000000,1,0,0,drop,0,burst,0.000000,4341,4189,151,25
4458,1777005211.054955,39.109406,2026-04-24T04:33:31.054955+00:00,sitl_to_mission,40,4.570000,-3.770000,0.020000,5.924373,-35.362710,149.165486,9.990000,6,10,-0.000835,0.002766,-0.690534,,,,,,,7.664595,0.755723,60.000000,15.000000,45.000000,0.000000,1.500000,0.120000,0.100000,0.050000,1,0.005000,2.000000,0,0,10,delay,1,,0.041901,4458,4237,210,26
4573,1777005212.060532,40.114983,2026-04-24T04:33:32.060532+00:00,sitl_to_mission,40,2.780000,-2.320000,-0.010000,3.620898,-35.362676,149.165452,9.981000,6,10,-0.004815,0.089755,-0.690813,,,,,,,6.862547,0.780205,60.000000,15.000000,45.000000,0.000000,1.500000,0.120000,0.100000,0.050000,1,0.005000,2.000000,0,0,13,drop,0,random_loss,0.000000,4573,4338,221,26
4680,1777005213.000329,41.054773,2026-04-24T04:33:33.000329+00:00,sitl_to_mission,56,1.203902,-1.051214,-0.012779,1.598310,-35.362661,149.165437,9.993000,6,10,-0.006477,0.247012,-0.690881,,,,,,,7.610481,0.757366,60.000000,15.000000,45.000000,0.000000,1.500000,0.120000,0.100000,0.050000,1,0.005000,2.000000,1,0,0,drop,0,burst,0.000000,4680,4354,325,26
4805,1777005214.061555,42.116005,2026-04-24T04:33:34.061555+00:00,sitl_to_mission,40,-0.240000,0.130000,0.000000,0.272947,-35.362658,149.165434,10.002000,6,10,-0.001927,-0.010746,-0.696152,,,,,,,7.699415,0.754666,60.000000,15.000000,45.000000,0.000000,1.500000,0.120000,0.100000,0.050000,1,0.005000,2.000000,0,0,8,delay,1,,0.046007,4805,4369,427,27
4920,1777005215.059729,43.114180,2026-04-24T04:33:35.059729+00:00,sitl_to_mission,40,-0.030000,-0.010000,0.000000,0.031623,-35.362659,149.165435,9.996000,6,10,0.001979,-0.009791,-0.695018,,,,,,,7.599801,0.757691,60.000000,15.000000,45.000000,0.000000,1.500000,0.120000,0.100000,0.050000,1,0.005000,2.000000,0,0,8,delay,1,,0.102440,4920,4475,436,28
5035,1777005216.062505,44.116950,2026-04-24T04:33:36.062505+00:00,sitl_to_mission,40,-0.060000,0.050000,0.000000,0.078102,-35.362660,149.165435,9.994000,6,10,0.002685,0.011098,-0.695033,,,,,,,7.538579,0.759552,60.000000,15.000000,45.000000,0.000000,1.500000,0.120000,0.100000,0.050000,1,0.005000,2.000000,1,0,0,drop,0,burst,0.000000,5035,4527,507,28
5152,1777005217.218486,45.272938,2026-04-24T04:33:37.218486+00:00,sitl_to_mission,40,-0.066583,0.072589,-0.004438,0.098601,-35.362661,149.165436,9.995000,6,10,0.002587,-0.001267,-0.694584,,,,,,,7.533923,0.759694,60.000000,15.000000,45.000000,0.000000,1.500000,0.120000,0.100000,0.050000,1,0.005000,2.000000,0,0,0,delay,1,,0.093341,5152,4527,624,29
5265,1777005218.222401,46.276855,2026-04-24T04:33:38.222401+00:00,sitl_to_mission,40,-0.020647,0.046218,-0.002891,0.050702,-35.362662,149.165436,9.997000,6,10,0.002101,-0.002474,-0.694613,,,,,,,7.493993,0.760909,60.000000,15.000000,45.000000,0.000000,1.500000,0.120000,0.100000,0.050000,1,0.005000,2.000000,0,0,0,delay,1,,0.065479,5265,4632,632,29
5378,1777005219.160796,47.215245,2026-04-24T04:33:39.160796+00:00,sitl_to_mission,40,0.300000,-0.210000,0.000000,0.366197,-35.362662,149.165436,9.996000,6,10,0.003238,-0.098739,-0.694387,,,,,,,7.445965,0.762371,60.000000,15.000000,45.000000,0.000000,1.500000,0.120000,0.100000,0.050000,1,0.005000,2.000000,0,0,0,delay,1,,0.085897,5378,4737,640,31
5490,1777005220.000074,48.054516,2026-04-24T04:33:40.000074+00:00,sitl_to_mission,62,2.208910,-1.767820,-0.012826,2.829247,-35.362653,149.165427,9.995000,6,10,0.002968,-0.375915,-0.687190,,,,,,,8.141573,0.741287,60.000000,15.000000,45.000000,0.000000,1.500000,0.120000,0.100000,0.050000,1,0.005000,2.000000,0,0,25,delay,1,,0.102019,5490,4817,647,31
5608,1777005221.161286,49.215730,2026-04-24T04:33:41.161286+00:00,sitl_to_mission,40,4.370000,-3.520000,0.000000,5.611355,-35.362617,149.165392,9.997000,6,10,0.005334,-0.414125,-0.688117,,,,,,,11.751387,0.635099,60.000000,15.000000,45.000000,0.000000,1.500000,0.120000,0.100000,0.050000,1,0.005000,2.000000,0,0,0,drop,0,burst,0.000000,5608,4949,658,31
5718,1777005222.000039,50.054483,2026-04-24T04:33:42.000039+00:00,sitl_to_mission,34,5.772991,-4.662094,-0.007292,7.420417,-35.362581,149.165355,9.993000,6,10,0.004821,-0.508391,-0.687853,,,,,,,16.422918,0.506067,60.000000,15.000000,45.000000,0.000000,1.500000,0.120000,0.100000,0.050000,1,0.005000,2.000000,1,0,0,drop,0,burst,0.000000,5718,4949,768,31
5840,1777005223.157779,51.212229,2026-04-24T04:33:43.157779+00:00,sitl_to_mission,40,4.990000,-4.030000,0.020000,6.414156,-35.362518,149.165293,9.999000,6,10,0.001594,-0.056833,-0.686489,,,,,,,24.852645,0.299577,60.000000,15.000000,45.000000,0.000000,1.500000,0.120000,0.100000,0.050000,1,0.005000,2.000000,0,0,0,delay,1,,0.033455,5840,5027,812,32
5953,1777005224.000243,52.054688,2026-04-24T04:33:44.000243+00:00,sitl_to_mission,53,3.500988,-2.832287,-0.002861,4.503196,-35.362487,149.165262,9.981000,6,10,-0.000649,0.044300,-0.686077,,,,,,,29.190522,0.208237,60.000000,15.000000,45.000000,0.000000,1.500000,0.120000,0.100000,0.050000,1,0.005000,2.000000,1,0,0,drop,0,burst,0.000000,5953,5107,845,32
6070,1777005225.161100,53.215552,2026-04-24T04:33:45.161100+00:00,sitl_to_mission,40,1.190000,-0.980000,-0.010000,1.541623,-35.362461,149.165236,9.992000,6,10,-0.003050,0.210105,-0.686505,,,,,,,32.808687,0.141012,60.000000,15.000000,45.000000,0.000000,1.500000,0.120000,0.100000,0.050000,1,0.005000,2.000000,0,0,0,delay,1,,0.008085,6070,5191,878,33
6181,1777005226.000316,54.054762,2026-04-24T04:33:46.000316+00:00,sitl_to_mission,32,-0.229103,0.163591,-0.009424,0.281672,-35.362458,149.165233,10.000000,6,10,-0.002432,0.075576,-0.689066,,,,,,,33.318274,0.132264,60.000000,15.000000,45.000000,0.000000,1.500000,0.120000,0.100000,0.050000,1,0.005000,2.000000,0,0,12,delay,1,,0.015798,6181,5289,879,33
6301,1777005227.158728,55.213177,2026-04-24T04:33:47.158728+00:00,sitl_to_mission,40,-0.030000,0.000000,0.000000,0.030000,-35.362459,149.165235,9.995000,6,10,0.000273,-0.025368,-0.689882,,,,,,,32.991309,0.137856,60.000000,15.000000,45.000000,0.000000,1.500000,0.120000,0.100000,0.050000,1,0.005000,2.000000,0,0,0,delay,1,,0.015332,6301,5418,882,33
6416,1777005228.160856,56.215308,2026-04-24T04:33:48.160856+00:00,sitl_to_mission,40,1.110000,-0.920000,0.000000,1.441700,-35.362457,149.165232,9.991000,6,10,0.000973,-0.310833,-0.686609,,,,,,,33.313070,0.132352,60.000000,15.000000,45.000000,0.000000,1.500000,0.120000,0.100000,0.050000,1,0.005000,2.000000,0,0,0,delay,1,,0.011235,6416,5530,885,35
6531,1777005229.161618,57.216067,2026-04-24T04:33:49.161618+00:00,sitl_to_mission,40,3.250000,-2.650000,-0.010000,4.193459,-35.362437,149.165212,9.998000,6,10,0.003908,-0.369266,-0.686619,,,,,,,36.099785,0.087959,60.000000,15.000000,45.000000,0.000000,1.500000,0.120000,0.100000,0.050000,1,0.005000,2.000000,0,0,0,delay,1,,0.012913,6531,5644,886,35
6646,1777005230.159953,58.214404,2026-04-24T04:33:50.159953+00:00,sitl_to_mission,40,5.010000,-4.060000,0.000000,6.448542,-35.362401,149.165175,9.999000,6,10,0.004673,-0.466997,-0.686683,,,,,,,41.300912,0.023568,60.000000,15.000000,45.000000,0.000000,1.500000,0.120000,0.100000,0.050000,1,0.005000,2.000000,0,0,0,delay,1,,0.002466,6646,5758,887,35
6756,1777005231.000510,59.054955,2026-04-24T04:33:51.000510+00:00,sitl_to_mission,34,6.121657,-4.961182,-0.024114,7.879632,-35.362360,149.165135,10.001000,6,10,0.002495,-0.395802,-0.685944,,,,,,,47.166534,0.000000,60.000000,15.000000,45.000000,0.000000,1.500000,0.120000,0.100000,0.050000,1,0.005000,2.000000,0,0,0,forward,1,,0.000000,6756,5868,887,35
6873,1777005232.223636,60.278089,2026-04-24T04:33:52.223636+00:00,sitl_to_mission,40,4.593957,-3.723084,0.028791,5.913259,-35.362309,149.165084,9.996000,6,10,0.000034,0.007061,-0.685359,,,,,,,54.380948,0.000000,60.000000,15.000000,45.000000,0.000000,1.500000,0.120000,0.100000,0.050000,1,0.005000,2.000000,0,0,0,forward,1,,0.000000,6873,5985,887,35
6975,1777005233.001226,61.055676,2026-04-24T04:33:53.001226+00:00,sitl_to_mission,52,2.800000,-2.280000,-0.010000,3.610886,-35.362276,149.165051,9.983000,6,10,-0.002131,0.104853,-0.685477,,,,,,,59.038697,0.000000,60.000000,15.000000,45.000000,0.000000,1.500000,0.120000,0.100000,0.050000,1,0.005000,2.000000,0,0,0,forward,1,,0.000000,6975,6087,887,35
7096,1777005234.000949,62.055393,2026-04-24T04:33:54.000949+00:00,sitl_to_mission,62,0.775340,-0.650202,-0.011664,1.011954,-35.362259,149.165034,9.993000,6,10,-0.002005,0.258297,-0.685512,,,,,,,61.543534,0.000000,60.000000,15.000000,45.000000,0.000000,1.500000,0.120000,0.100000,0.050000,1,0.005000,2.000000,0,0,0,forward,1,,0.000000,7096,6208,887,36
7205,1777005235.000067,63.054512,2026-04-24T04:33:55.000067+00:00,sitl_to_mission,34,-0.210000,0.150000,0.000000,0.258070,-35.362259,149.165034,9.998000,6,10,-0.000942,-0.022710,-0.688142,,,,,,,61.500691,0.000000,60.000000,15.000000,45.000000,0.000000,1.500000,0.120000,0.100000,0.050000,1,0.005000,2.000000,0,0,0,forward,1,,0.000000,7205,6317,887,36
7324,1777005236.001299,64.055745,2026-04-24T04:33:56.001299+00:00,sitl_to_mission,40,-0.018804,-0.007097,-0.035086,0.040435,-35.362260,149.165035,9.995000,6,10,0.000840,-0.009107,-0.687397,,,,,,,61.457122,0.000000,60.000000,15.000000,45.000000,0.000000,1.500000,0.120000,0.100000,0.050000,1,0.005000,2.000000,0,0,0,forward,1,,0.000000,7324,6436,887,37
7433,1777005237.002635,65.057082,2026-04-24T04:33:57.002635+00:00,sitl_to_mission,23,0.010000,-0.010000,-0.680000,0.680147,-35.362260,149.165035,10.285000,6,10,-0.000008,-0.002382,-0.687353,,,,,,,61.305943,0.000000,60.000000,15.000000,45.000000,0.000000,1.500000,0.120000,0.100000,0.050000,1,0.005000,2.000000,0,0,0,forward,1,,0.000000,7433,6545,887,37
7555,1777005238.000597,66.055043,2026-04-24T04:33:58.000597+00:00,sitl_to_mission,56,0.015226,-0.022270,-1.505707,1.505949,-35.362260,149.165035,11.411000,6,10,0.000147,-0.001145,-0.687314,,,,,,,61.404071,0.000000,60.000000,15.000000,45.000000,0.000000,1.500000,0.120000,0.100000,0.050000,1,0.005000,2.000000,0,0,0,forward,1,,0.000000,7555,6667,887,37
7662,1777005239.000102,67.054546,2026-04-24T04:33:59.000102+00:00,sitl_to_mission,34,0.010000,-0.010000,-1.610000,1.610062,-35.362260,149.165035,13.035000,6,10,-0.000177,-0.000157,-0.687273,,,,,,,61.291680,0.000000,60.000000,15.000000,45.000000,0.000000,1.500000,0.120000,0.100000,0.050000,1,0.005000,2.000000,0,0,0,forward,1,,0.000000,7662,6774,887,37
7782,1777005240.226160,68.280614,2026-04-24T04:34:00.226160+00:00,sitl_to_mission,40,-0.118104,0.006267,-1.065982,1.072523,-35.362260,149.165035,14.451000,6,10,-0.030342,0.052216,-0.687911,,,,,,,61.379499,0.000000,60.000000,15.000000,45.000000,0.000000,1.500000,0.120000,0.100000,0.050000,1,0.005000,2.000000,0,0,0,forward,1,,0.000000,7782,6894,887,37
7881,1777005241.000739,69.055189,2026-04-24T04:34:01.000739+00:00,sitl_to_mission,34,-1.220000,0.180000,-0.110000,1.238103,-35.362265,149.165036,15.023000,6,10,-0.107713,0.185326,-0.697258,,,,,,,60.738956,0.000000,60.000000,15.000000,45.000000,0.000000,1.500000,0.120000,0.100000,0.050000,1,0.005000,2.000000,0,0,0,forward,1,,0.000000,7881,6993,887,37
7999,1777005242.000129,70.054575,2026-04-24T04:34:02.000129+00:00,sitl_to_mission,56,-3.190000,0.510000,0.030000,3.230650,-35.362285,149.165040,14.981000,6,10,-0.162108,0.279231,-0.710288,,,,,,,58.775098,0.000000,60.000000,15.000000,45.000000,0.000000,1.500000,0.120000,0.100000,0.050000,1,0.005000,2.000000,0,0,0,forward,1,,0.000000,7999,7111,887,37
8115,1777005243.001252,71.055697,2026-04-24T04:34:03.001252+00:00,sitl_to_mission,34,-5.290000,0.840000,-0.020000,5.356314,-35.362323,149.165047,14.973000,6,10,-0.195854,0.342877,-0.722362,,,,,,,54.875910,0.000000,60.000000,15.000000,45.000000,0.000000,1.500000,0.120000,0.100000,0.050000,1,0.005000,2.000000,0,0,0,forward,1,,0.000000,8115,7227,887,37
8230,1777005244.001142,72.055589,2026-04-24T04:34:04.001142+00:00,sitl_to_mission,32,-7.361584,1.176815,-0.016707,7.455072,-35.362380,149.165059,14.981000,6,10,-0.242605,0.426137,-0.742441,,,,,,,49.362827,0.000000,60.000000,15.000000,45.000000,0.000000,1.500000,0.120000,0.100000,0.050000,1,0.005000,2.000000,0,0,0,forward,1,,0.000000,8230,7342,887,37
8345,1777005245.000520,73.054962,2026-04-24T04:34:05.000520+00:00,sitl_to_mission,53,-8.854691,1.425915,-0.014568,8.968779,-35.362453,149.165073,14.985000,6,10,-0.235681,0.433107,-0.744277,,,,,,,42.391321,0.013958,60.000000,15.000000,45.000000,0.000000,1.500000,0.120000,0.100000,0.050000,1,0.005000,2.000000,0,0,3,delay,1,,0.001702,8345,7453,888,37
8460,1777005246.223194,74.277644,2026-04-24T04:34:06.223194+00:00,sitl_to_mission,40,-9.514905,1.554055,-0.018015,9.640997,-35.362536,149.165090,14.987000,6,10,-0.212259,0.411733,-0.738932,,,,,,,35.191366,0.101764,60.000000,15.000000,45.000000,0.000000,1.500000,0.120000,0.100000,0.050000,1,0.005000,2.000000,0,0,0,delay,1,,0.015091,8460,7570,889,37
8573,1777005247.000460,75.054905,2026-04-24T04:34:07.000460+00:00,sitl_to_mission,56,-9.581654,1.584914,-0.009899,9.711855,-35.362623,149.165108,14.989000,6,10,-0.206027,0.405292,-0.737422,,,,,,,29.029663,0.211423,60.000000,15.000000,45.000000,0.000000,1.500000,0.120000,0.100000,0.050000,1,0.005000,2.000000,0,0,25,delay,1,,0.013835,8573,7654,893,37
8683,1777005248.000149,76.054592,2026-04-24T04:34:08.000149+00:00,sitl_to_mission,32,-9.719347,1.609150,-0.011551,9.851660,-35.362709,149.165125,14.987000,6,10,-0.211855,0.410600,-0.738507,,,,,,,25.219486,0.291432,60.000000,15.000000,45.000000,0.000000,1.500000,0.120000,0.100000,0.050000,1,0.005000,2.000000,0,0,20,delay,1,,0.029404,8683,7765,897,37
8790,1777005249.001747,77.056192,2026-04-24T04:34:09.001747+00:00,sitl_to_mission,23,-9.790000,1.600000,-0.010000,9.919889,-35.362797,149.165143,14.988000,6,10,-0.212190,0.411215,-0.738622,,,,,,,24.939608,0.297639,60.000000,15.000000,45.000000,0.000000,1.500000,0.120000,0.100000,0.050000,1,0.005000,2.000000,0,0,17,delay,1,,0.020003,8790,7875,897,37
8905,1777005250.000217,78.054663,2026-04-24T04:34:10.000217+00:00,sitl_to_mission,16,-9.820000,1.600000,-0.010000,9.949497,-35.362885,149.165161,14.988000,6,10,-0.210740,0.409451,-0.738031,,,,,,,28.392032,0.224211,60.000000,15.000000,45.000000,0.000000,1.500000,0.120000,0.100000,0.050000,1,0.005000,2.000000,0,0,17,delay,1,,0.015233,8905,7906,981,37
9024,1777005251.000297,79.054740,2026-04-24T04:34:11.000297+00:00,sitl_to_mission,53,-9.817854,1.606057,-0.010874,9.948356,-35.362974,149.165179,14.988000,6,10,-0.209015,0.406989,-0.737626,,,,,,,34.494996,0.112791,60.000000,15.000000,45.000000,0.000000,1.500000,0.120000,0.100000,0.050000,1,0.005000,2.000000,0,0,16,delay,1,,0.010159,9024,8021,986,37
9132,1777005252.000269,80.054711,2026-04-24T04:34:12.000269+00:00,sitl_to_mission,34,-9.490000,1.540000,-0.020000,9.614161,-35.363061,149.165197,14.994000,6,10,-0.156741,0.330791,-0.722390,,,,,,,42.015884,0.017077,60.000000,15.000000,45.000000,0.000000,1.500000,0.120000,0.100000,0.050000,1,0.005000,2.000000,0,0,2,delay,1,,0.001529,9132,8143,986,37
9243,1777005253.000386,81.054829,2026-04-24T04:34:13.000386+00:00,sitl_to_mission,56,-8.130000,1.340000,0.000000,8.239691,-35.363141,149.165213,14.997000,6,10,-0.063777,0.179062,-0.705352,,,,,,,49.622941,0.000000,60.000000,15.000000,45.000000,0.000000,1.500000,0.120000,0.100000,0.050000,1,0.005000,2.000000,0,0,0,forward,1,,0.000000,9243,8256,986,37
9354,1777005254.000336,82.054779,2026-04-24T04:34:14.000336+00:00,sitl_to_mission,52,-5.850000,0.990000,0.000000,5.933178,-35.363205,149.165226,14.983000,6,10,0.032283,-0.013223,-0.702502,,,,,,,55.934353,0.000000,60.000000,15.000000,45.000000,0.000000,1.500000,0.120000,0.100000,0.050000,1,0.005000,2.000000,0,0,0,forward,1,,0.000000,9354,8367,986,37
9478,1777005255.226992,83.281445,2026-04-24T04:34:15.226992+00:00,sitl_to_mission,40,-3.300305,0.562957,-0.016893,3.348018,-35.363246,149.165235,14.981000,6,10,0.082478,-0.132905,-0.709234,,,,,,,60.145501,0.000000,60.000000,15.000000,45.000000,0.000000,1.500000,0.120000,0.100000,0.050000,1,0.005000,2.000000,0,0,0,forward,1,,0.000000,9478,8491,986,37
9586,1777005256.000469,84.054914,2026-04-24T04:34:16.000469+00:00,sitl_to_mission,40,-1.012210,0.139322,-0.014905,1.021862,-35.363264,149.165239,14.989000,6,10,0.072977,-0.130769,-0.709192,,,,,,,62.080172,0.000000,60.000000,15.000000,45.000000,0.000000,1.500000,0.120000,0.100000,0.050000,1,0.005000,2.000000,0,0,0,forward,1,,0.000000,9586,8599,986,37
9705,1777005257.230593,85.285047,2026-04-24T04:34:17.230593+00:00,sitl_to_mission,40,0.071117,-0.064564,-0.010160,0.096588,-35.363268,149.165239,14.988000,6,10,0.026412,-0.046456,-0.705060,,,,,,,62.414120,0.000000,60.000000,15.000000,45.000000,0.000000,1.500000,0.120000,0.100000,0.050000,1,0.005000,2.000000,0,0,0,forward,1,,0.000000,9705,8718,986,37
9807,1777005258.000513,86.054958,2026-04-24T04:34:18.000513+00:00,sitl_to_mission,52,0.090000,-0.050000,-0.010000,0.103441,-35.363266,149.165239,14.988000,6,10,-0.012430,0.019972,-0.704603,,,,,,,62.226128,0.000000,60.000000,15.000000,45.000000,0.000000,1.500000,0.120000,0.100000,0.050000,1,0.005000,2.000000,0,0,0,forward,1,,0.000000,9807,8820,986,37
9924,1777005259.000556,87.054998,2026-04-24T04:34:19.000556+00:00,sitl_to_mission,34,0.050000,-0.030000,0.000000,0.058310,-35.363265,149.165238,14.991000,6,10,0.004476,-0.007685,-0.704551,,,,,,,62.157066,0.000000,60.000000,15.000000,45.000000,0.000000,1.500000,0.120000,0.100000,0.050000,1,0.005000,2.000000,0,0,0,forward,1,,0.000000,9924,8937,986,37
10044,1777005260.229020,88.283470,2026-04-24T04:34:20.229020+00:00,sitl_to_mission,40,0.102925,-0.043761,-0.005124,0.111959,-35.363264,149.165238,14.995000,6,10,-0.001294,-0.001682,-0.704559,,,,,,,62.059588,0.000000,60.000000,15.000000,45.000000,0.000000,1.500000,0.120000,0.100000,0.050000,1,0.005000,2.000000,0,0,0,forward,1,,0.000000,10044,9057,986,37
10146,1777005261.000104,89.054552,2026-04-24T04:34:21.000104+00:00,sitl_to_mission,52,0.060000,-0.040000,0.000000,0.072111,-35.363263,149.165238,14.997000,6,10,-0.002870,0.002275,-0.704578,,,,,,,61.960710,0.000000,60.000000,15.000000,45.000000,0.000000,1.500000,0.120000,0.100000,0.050000,1,0.005000,2.000000,0,0,0,forward,1,,0.000000,10146,9159,986,37
10270,1777005262.232839,90.287289,2026-04-24T04:34:22.232839+00:00,sitl_to_mission,40,0.032333,-0.032185,-0.000823,0.045629,-35.363263,149.165238,14.999000,6,10,-0.000562,0.000387,-0.704536,,,,,,,61.933874,0.000000,60.000000,15.000000,45.000000,0.000000,1.500000,0.120000,0.100000,0.050000,1,0.005000,2.000000,0,0,0,forward,1,,0.000000,10270,9283,986,37
10371,1777005263.000511,91.054955,2026-04-24T04:34:23.000511+00:00,sitl_to_mission,52,0.020000,-0.020000,0.140000,0.142829,-35.363263,149.165238,14.984000,6,10,-0.000569,-0.001372,-0.704504,,,,,,,61.902533,0.000000,60.000000,15.000000,45.000000,0.000000,1.500000,0.120000,0.100000,0.050000,1,0.005000,2.000000,0,0,0,forward,1,,0.000000,10371,9384,986,37
10481,1777005264.000454,92.054898,2026-04-24T04:34:24.000454+00:00,sitl_to_mission,23,0.020000,-0.020000,1.230000,1.230325,-35.363263,149.165238,14.300000,6,10,0.000165,-0.001321,-0.704483,,,,,,,61.891744,0.000000,60.000000,15.000000,45.000000,0.000000,1.500000,0.120000,0.100000,0.050000,1,0.005000,2.000000,0,0,0,forward,1,,0.000000,10481,9494,986,37
10593,1777005265.000890,93.055332,2026-04-24T04:34:25.000890+00:00,sitl_to_mission,34,0.020000,-0.020000,1.530000,1.530261,-35.363263,149.165237,12.787000,6,10,0.000028,-0.000833,-0.704440,,,,,,,61.883148,0.000000,60.000000,15.000000,45.000000,0.000000,1.500000,0.120000,0.100000,0.050000,1,0.005000,2.000000,0,0,0,forward,1,,0.000000,10593,9606,986,37
10695,1777005266.000935,94.055380,2026-04-24T04:34:26.000935+00:00,sitl_to_mission,34,0.010000,-0.010000,1.410000,1.410071,-35.363262,149.165237,11.282000,6,10,-0.000041,-0.000210,-0.704384,,,,,,,61.872359,0.000000,60.000000,15.000000,45.000000,0.000000,1.500000,0.120000,0.100000,0.050000,1,0.005000,2.000000,0,0,0,forward,1,,0.000000,10695,9708,986,37
10810,1777005267.000428,95.054871,2026-04-24T04:34:27.000428+00:00,sitl_to_mission,26,0.010000,-0.010000,0.480000,0.480208,-35.363262,149.165237,10.331000,6,10,-0.000557,-0.000755,-0.704373,,,,,,,61.861570,0.000000,60.000000,15.000000,45.000000,0.000000,1.500000,0.120000,0.100000,0.050000,1,0.005000,2.000000,0,0,0,forward,1,,0.000000,10810,9823,986,37
10916,1777005268.000391,96.054837,2026-04-24T04:34:28.000391+00:00,sitl_to_mission,36,0.000000,-0.010000,0.470000,0.470106,-35.363262,149.165237,9.890000,6,10,-0.001207,-0.000175,-0.704334,,,,,,,61.850781,0.000000,60.000000,15.000000,45.000000,0.000000,1.500000,0.120000,0.100000,0.050000,1,0.005000,2.000000,0,0,0,forward,1,,0.000000,10916,9929,986,37
11026,1777005269.001341,97.055787,2026-04-24T04:34:29.001341+00:00,sitl_to_mission,34,0.000000,-0.020000,0.510000,0.510392,-35.363262,149.165237,9.392000,6,10,-0.000868,-0.001218,-0.704354,,,,,,,61.850781,0.000000,60.000000,15.000000,45.000000,0.000000,1.500000,0.120000,0.100000,0.050000,1,0.005000,2.000000,0,0,0,forward,1,,0.000000,11026,10039,986,37
11132,1777005270.000047,98.054494,2026-04-24T04:34:30.000047+00:00,sitl_to_mission,54,0.000000,-0.020000,0.510000,0.510392,-35.363262,149.165237,8.885000,6,10,-0.001024,-0.001120,-0.704305,,,,,,,61.850781,0.000000,60.000000,15.000000,45.000000,0.000000,1.500000,0.120000,0.100000,0.050000,1,0.005000,2.000000,0,0,0,forward,1,,0.000000,11132,10145,986,37
11249,1777005271.000531,99.054976,2026-04-24T04:34:31.000531+00:00,sitl_to_mission,56,0.000000,-0.020000,0.500000,0.500400,-35.363262,149.165237,8.384000,6,10,-0.000895,0.000024,-0.704375,,,,,,,61.850781,0.000000,60.000000,15.000000,45.000000,0.000000,1.500000,0.120000,0.100000,0.050000,1,0.005000,2.000000,0,0,0,forward,1,,0.000000,11249,10262,986,37
11351,1777005272.000834,100.055279,2026-04-24T04:34:32.000834+00:00,sitl_to_mission,41,0.000000,-0.020000,0.500000,0.500400,-35.363262,149.165237,7.882000,6,10,-0.000373,-0.000033,-0.704226,,,,,,,61.850781,0.000000,60.000000,15.000000,45.000000,0.000000,1.500000,0.120000,0.100000,0.050000,1,0.005000,2.000000,0,0,0,forward,1,,0.000000,11351,10364,986,37
11463,1777005273.000115,101.054561,2026-04-24T04:34:33.000115+00:00,sitl_to_mission,26,0.000000,-0.010000,0.500000,0.500100,-35.363262,149.165237,7.382000,6,10,-0.000328,-0.000141,-0.704238,,,,,,,61.852977,0.000000,60.000000,15.000000,45.000000,0.000000,1.500000,0.120000,0.100000,0.050000,1,0.005000,2.000000,0,0,0,forward,1,,0.000000,11463,10476,986,37
11569,1777005274.000087,102.054534,2026-04-24T04:34:34.000087+00:00,sitl_to_mission,41,0.000000,-0.010000,0.500000,0.500100,-35.363262,149.165237,6.879000,6,10,-0.000575,-0.000600,-0.704296,,,,,,,61.852977,0.000000,60.000000,15.000000,45.000000,0.000000,1.500000,0.120000,0.100000,0.050000,1,0.005000,2.000000,0,0,0,forward,1,,0.000000,11569,10582,986,37
11680,1777005275.000669,103.055112,2026-04-24T04:34:35.000669+00:00,sitl_to_mission,34,0.000000,-0.010000,0.500000,0.500100,-35.363262,149.165237,6.380000,6,10,-0.000507,-0.000259,-0.704230,,,,,,,61.852977,0.000000,60.000000,15.000000,45.000000,0.000000,1.500000,0.120000,0.100000,0.050000,1,0.005000,2.000000,0,0,0,forward,1,,0.000000,11680,10693,986,37
11785,1777005276.000072,104.054520,2026-04-24T04:34:36.000072+00:00,sitl_to_mission,24,0.000000,-0.010000,0.500000,0.500100,-35.363262,149.165237,5.879000,6,10,-0.000614,-0.000607,-0.704194,,,,,,,61.852977,0.000000,60.000000,15.000000,45.000000,0.000000,1.500000,0.120000,0.100000,0.050000,1,0.005000,2.000000,0,0,0,forward,1,,0.000000,11785,10798,986,37
11895,1777005277.000718,105.055166,2026-04-24T04:34:37.000718+00:00,sitl_to_mission,24,0.000000,-0.010000,0.500000,0.500100,-35.363262,149.165237,5.379000,6,10,-0.000619,-0.000454,-0.704260,,,,,,,61.852977,0.000000,60.000000,15.000000,45.000000,0.000000,1.500000,0.120000,0.100000,0.050000,1,0.005000,2.000000,0,0,0,forward,1,,0.000000,11895,10908,986,37
12005,1777005278.001097,106.055544,2026-04-24T04:34:38.001097+00:00,sitl_to_mission,54,0.000000,-0.020000,0.500000,0.500400,-35.363262,149.165237,4.877000,6,10,-0.001528,-0.001090,-0.704166,,,,,,,61.850781,0.000000,60.000000,15.000000,45.000000,0.000000,1.500000,0.120000,0.100000,0.050000,1,0.005000,2.000000,0,0,0,forward,1,,0.000000,12005,11018,986,37
12110,1777005279.000082,107.054528,2026-04-24T04:34:39.000082+00:00,sitl_to_mission,19,0.000000,-0.020000,0.500000,0.500400,-35.363262,149.165237,4.376000,6,10,-0.000791,-0.000508,-0.704206,,,,,,,61.850781,0.000000,60.000000,15.000000,45.000000,0.000000,1.500000,0.120000,0.100000,0.050000,1,0.005000,2.000000,0,0,0,forward,1,,0.000000,12110,11123,986,37
12224,1777005280.000020,108.054464,2026-04-24T04:34:40.000020+00:00,sitl_to_mission,41,0.000000,-0.020000,0.500000,0.500400,-35.363262,149.165237,3.877000,6,10,-0.000663,-0.000496,-0.704244,,,,,,,61.850781,0.000000,60.000000,15.000000,45.000000,0.000000,1.500000,0.120000,0.100000,0.050000,1,0.005000,2.000000,0,0,0,forward,1,,0.000000,12224,11237,986,37
12335,1777005281.000242,109.054686,2026-04-24T04:34:41.000242+00:00,sitl_to_mission,34,0.000000,-0.020000,0.500000,0.500400,-35.363262,149.165237,3.377000,6,10,0.000224,-0.000566,-0.704221,,,,,,,61.852977,0.000000,60.000000,15.000000,45.000000,0.000000,1.500000,0.120000,0.100000,0.050000,1,0.005000,2.000000,0,0,0,forward,1,,0.000000,12335,11348,986,37
12445,1777005282.000153,110.054597,2026-04-24T04:34:42.000153+00:00,sitl_to_mission,26,0.000000,-0.010000,0.500000,0.500100,-35.363262,149.165237,2.878000,6,10,-0.000155,-0.000169,-0.704215,,,,,,,61.852977,0.000000,60.000000,15.000000,45.000000,0.000000,1.500000,0.120000,0.100000,0.050000,1,0.005000,2.000000,0,0,0,forward,1,,0.000000,12445,11458,986,37
12551,1777005283.000184,111.054626,2026-04-24T04:34:43.000184+00:00,sitl_to_mission,41,0.000000,-0.010000,0.500000,0.500100,-35.363262,149.165237,2.376000,6,10,-0.000612,-0.000603,-0.704195,,,,,,,61.852977,0.000000,60.000000,15.000000,45.000000,0.000000,1.500000,0.120000,0.100000,0.050000,1,0.005000,2.000000,0,0,0,forward,1,,0.000000,12551,11564,986,37
12662,1777005284.000746,112.055190,2026-04-24T04:34:44.000746+00:00,sitl_to_mission,34,0.000000,-0.010000,0.490000,0.490102,-35.363262,149.165237,1.877000,6,10,-0.000604,-0.000257,-0.704192,,,,,,,61.852977,0.000000,60.000000,15.000000,45.000000,0.000000,1.500000,0.120000,0.100000,0.050000,1,0.005000,2.000000,0,0,0,forward,1,,0.000000,12662,11675,986,37
12770,1777005285.000427,113.054870,2026-04-24T04:34:45.000427+00:00,sitl_to_mission,36,0.000000,-0.010000,0.490000,0.490102,-35.363262,149.165237,1.376000,6,10,-0.000978,-0.000215,-0.704194,,,,,,,61.842188,0.000000,60.000000,15.000000,45.000000,0.000000,1.500000,0.120000,0.100000,0.050000,1,0.005000,2.000000,0,0,0,forward,1,,0.000000,12770,11783,986,37
12881,1777005286.000211,114.054655,2026-04-24T04:34:46.000211+00:00,sitl_to_mission,26,0.000000,-0.010000,0.500000,0.500100,-35.363262,149.165237,0.878000,6,10,-0.000564,-0.000292,-0.704216,,,,,,,61.842188,0.000000,60.000000,15.000000,45.000000,0.000000,1.500000,0.120000,0.100000,0.050000,1,0.005000,2.000000,0,0,0,forward,1,,0.000000,12881,11894,986,37
12986,1777005287.000766,115.055210,2026-04-24T04:34:47.000766+00:00,sitl_to_mission,24,0.000000,-0.020000,0.500000,0.500400,-35.363262,149.165237,0.377000,6,10,-0.001482,-0.001260,-0.704177,,,,,,,61.842188,0.000000,60.000000,15.000000,45.000000,0.000000,1.500000,0.120000,0.100000,0.050000,1,0.005000,2.000000,0,0,0,forward,1,,0.000000,12986,11999,986,37
13095,1777005288.000281,116.054726,2026-04-24T04:34:48.000281+00:00,sitl_to_mission,17,0.000000,-0.010000,-0.120000,0.120416,-35.363262,149.165237,-0.046000,6,10,-0.000678,-0.000497,-0.704206,,,,,,,61.839992,0.000000,60.000000,15.000000,45.000000,0.000000,1.500000,0.120000,0.100000,0.050000,1,0.005000,2.000000,0,0,0,forward,1,,0.000000,13095,12108,986,37
13201,1777005289.006803,117.061250,2026-04-24T04:34:49.006803+00:00,sitl_to_mission,14,0.000000,-0.010000,0.000000,0.010000,-35.363262,149.165237,-0.039000,6,10,-0.000591,-0.000444,-0.704307,,,,,,,61.839992,0.000000,60.000000,15.000000,45.000000,0.000000,1.500000,0.120000,0.100000,0.050000,1,0.005000,2.000000,0,0,0,forward,1,,0.000000,13201,12214,986,37
13318,1777005290.000057,118.054499,2026-04-24T04:34:50.000057+00:00,sitl_to_mission,17,0.000000,-0.010000,0.000000,0.010000,-35.363262,149.165237,-0.034000,6,10,-0.000610,-0.000445,-0.704418,,,,,,,61.839992,0.000000,60.000000,15.000000,45.000000,0.000000,1.500000,0.120000,0.100000,0.050000,1,0.005000,2.000000,0,0,0,forward,1,,0.000000,13318,12331,986,37
13427,1777005291.000522,119.054968,2026-04-24T04:34:51.000522+00:00,sitl_to_mission,17,0.000000,-0.010000,0.000000,0.010000,-35.363262,149.165237,-0.023000,6,10,-0.000652,-0.000482,-0.704967,,,,,,,61.839992,0.000000,60.000000,15.000000,45.000000,0.000000,1.500000,0.120000,0.100000,0.050000,1,0.005000,2.000000,0,0,0,forward,1,,0.000000,13427,12440,986,37
13543,1777005292.000216,120.054659,2026-04-24T04:34:52.000216+00:00,sitl_to_mission,26,0.000000,-0.010000,0.000000,0.010000,-35.363262,149.165237,-0.017000,6,10,-0.000637,-0.000494,-0.705527,,,,,,,61.839992,0.000000,60.000000,15.000000,45.000000,0.000000,1.500000,0.120000,0.100000,0.050000,1,0.005000,2.000000,0,0,0,forward,1,,0.000000,13543,12556,986,37
13643,1777005293.000735,121.055180,2026-04-24T04:34:53.000735+00:00,sitl_to_mission,19,0.000000,-0.010000,0.000000,0.010000,-35.363262,149.165237,-0.013000,6,10,-0.000628,-0.000488,-0.706059,,,,,,,61.839992,0.000000,60.000000,15.000000,45.000000,0.000000,1.500000,0.120000,0.100000,0.050000,1,0.005000,2.000000,0,0,0,forward,1,,0.000000,13643,12656,986,37
13758,1777005294.000900,122.055347,2026-04-24T04:34:54.000900+00:00,sitl_to_mission,36,0.000000,-0.020000,0.000000,0.020000,-35.363262,149.165237,-0.011000,6,10,-0.000664,-0.000511,-0.706565,,,,,,,61.839992,0.000000,60.000000,15.000000,45.000000,0.000000,1.500000,0.120000,0.100000,0.050000,1,0.005000,2.000000,0,0,0,forward,1,,0.000000,13758,12771,986,37
13865,1777005295.000853,123.055300,2026-04-24T04:34:55.000853+00:00,sitl_to_mission,54,0.000000,-0.020000,0.000000,0.020000,-35.363262,149.165237,-0.009000,6,10,-0.000713,-0.000558,-0.707029,,,,,,,61.839992,0.000000,60.000000,15.000000,45.000000,0.000000,1.500000,0.120000,0.100000,0.050000,1,0.005000,2.000000,0,0,0,forward,1,,0.000000,13865,12878,986,37
13974,1777005296.001178,124.055625,2026-04-24T04:34:56.001178+00:00,sitl_to_mission,54,0.000000,-0.020000,0.000000,0.020000,-35.363262,149.165237,-0.008000,6,10,-0.000751,-0.000587,-0.707457,,,,,,,61.839992,0.000000,60.000000,15.000000,45.000000,0.000000,1.500000,0.120000,0.100000,0.050000,1,0.005000,2.000000,0,0,0,forward,1,,0.000000,13974,12987,986,37
14082,1777005297.001384,125.055831,2026-04-24T04:34:57.001384+00:00,sitl_to_mission,17,0.000000,-0.020000,0.000000,0.020000,-35.363262,149.165237,-0.007000,6,10,-0.000784,-0.000621,-0.707853,,,,,,,61.839992,0.000000,60.000000,15.000000,45.000000,0.000000,1.500000,0.120000,0.100000,0.050000,1,0.005000,2.000000,0,0,0,forward,1,,0.000000,14082,13095,986,37
14193,1777005298.000827,126.055271,2026-04-24T04:34:58.000827+00:00,sitl_to_mission,54,0.000000,-0.020000,0.000000,0.020000,-35.363262,149.165237,-0.007000,6,10,-0.000808,-0.000633,-0.708221,,,,,,,61.839992,0.000000,60.000000,15.000000,45.000000,0.000000,1.500000,0.120000,0.100000,0.050000,1,0.005000,2.000000,0,0,0,forward,1,,0.000000,14193,13206,986,37
14298,1777005299.002100,127.056543,2026-04-24T04:34:59.002100+00:00,sitl_to_mission,19,0.000000,-0.020000,0.000000,0.020000,-35.363262,149.165237,-0.006000,6,10,-0.000828,-0.000661,-0.708582,,,,,,,61.839992,0.000000,60.000000,15.000000,45.000000,0.000000,1.500000,0.120000,0.100000,0.050000,1,0.005000,2.000000,0,0,0,forward,1,,0.000000,14298,13311,986,37
14410,1777005300.000441,128.054888,2026-04-24T04:35:00.000441+00:00,sitl_to_mission,24,0.000000,-0.020000,0.000000,0.020000,-35.363262,149.165237,-0.006000,6,10,-0.000837,-0.000659,-0.708905,,,,,,,61.839992,0.000000,60.000000,15.000000,45.000000,0.000000,1.500000,0.120000,0.100000,0.050000,1,0.005000,2.000000,0,0,0,forward,1,,0.000000,14410,13423,986,37
14516,1777005301.000638,129.055085,2026-04-24T04:35:01.000638+00:00,sitl_to_mission,19,0.000000,-0.020000,0.000000,0.020000,-35.363262,149.165237,-0.006000,6,10,-0.000834,-0.000654,-0.709229,,,,,,,61.839992,0.000000,60.000000,15.000000,45.000000,0.000000,1.500000,0.120000,0.100000,0.050000,1,0.005000,2.000000,0,0,0,forward,1,,0.000000,14516,13529,986,37
14626,1777005302.000968,130.055415,2026-04-24T04:35:02.000968+00:00,sitl_to_mission,36,0.000000,-0.020000,0.000000,0.020000,-35.363262,149.165237,-0.006000,6,10,-0.000832,-0.000662,-0.709543,,,,,,,61.839992,0.000000,60.000000,15.000000,45.000000,0.000000,1.500000,0.120000,0.100000,0.050000,1,0.005000,2.000000,0,0,0,forward,1,,0.000000,14626,13639,986,37
14736,1777005303.001164,131.055611,2026-04-24T04:35:03.001164+00:00,sitl_to_mission,17,0.000000,-0.020000,0.000000,0.020000,-35.363262,149.165237,-0.006000,6,10,-0.000824,-0.000653,-0.709853,,,,,,,61.839992,0.000000,60.000000,15.000000,45.000000,0.000000,1.500000,0.120000,0.100000,0.050000,1,0.005000,2.000000,0,0,0,forward,1,,0.000000,14736,13749,986,37
14844,1777005304.000386,132.054831,2026-04-24T04:35:04.000386+00:00,sitl_to_mission,36,0.000000,-0.020000,0.000000,0.020000,-35.363262,149.165237,-0.006000,6,10,-0.000808,-0.000642,-0.710150,,,,,,,61.839992,0.000000,60.000000,15.000000,45.000000,0.000000,1.500000,0.120000,0.100000,0.050000,1,0.005000,2.000000,0,0,0,forward,1,,0.000000,14844,13857,986,37
14955,1777005305.001091,133.055538,2026-04-24T04:35:05.001091+00:00,sitl_to_mission,24,0.000000,-0.020000,0.000000,0.020000,-35.363262,149.165237,-0.006000,6,10,-0.000794,-0.000627,-0.710429,,,,,,,61.839992,0.000000,60.000000,15.000000,45.000000,0.000000,1.500000,0.120000,0.100000,0.050000,1,0.005000,2.000000,0,0,0,forward,1,,0.000000,14955,13968,986,37
15061,1777005306.000712,134.055159,2026-04-24T04:35:06.000712+00:00,sitl_to_mission,19,0.000000,-0.020000,0.000000,0.020000,-35.363262,149.165237,-0.006000,6,10,-0.000785,-0.000617,-0.710685,,,,,,,61.839992,0.000000,60.000000,15.000000,45.000000,0.000000,1.500000,0.120000,0.100000,0.050000,1,0.005000,2.000000,0,0,0,forward,1,,0.000000,15061,14074,986,37
15173,1777005307.000416,135.054864,2026-04-24T04:35:07.000416+00:00,sitl_to_mission,17,0.000000,-0.020000,0.000000,0.020000,-35.363262,149.165237,-0.006000,6,10,-0.000790,-0.000620,-0.710955,,,,,,,61.839992,0.000000,60.000000,15.000000,45.000000,0.000000,1.500000,0.120000,0.100000,0.050000,1,0.005000,2.000000,0,0,0,forward,1,,0.000000,15173,14186,986,37
15280,1777005308.000577,136.055024,2026-04-24T04:35:08.000577+00:00,sitl_to_mission,19,0.000000,-0.020000,0.000000,0.020000,-35.363262,149.165237,-0.006000,6,10,-0.000774,-0.000615,-0.711201,,,,,,,61.839992,0.000000,60.000000,15.000000,45.000000,0.000000,1.500000,0.120000,0.100000,0.050000,1,0.005000,2.000000,0,0,0,forward,1,,0.000000,15280,14293,986,37
15391,1777005309.000641,137.055088,2026-04-24T04:35:09.000641+00:00,sitl_to_mission,17,0.000000,-0.020000,0.000000,0.020000,-35.363262,149.165237,-0.006000,6,10,-0.000777,-0.000613,-0.711449,,,,,,,61.839992,0.000000,60.000000,15.000000,45.000000,0.000000,1.500000,0.120000,0.100000,0.050000,1,0.005000,2.000000,0,0,0,forward,1,,0.000000,15391,14404,986,37
15495,1777005310.000652,138.055099,2026-04-24T04:35:10.000652+00:00,sitl_to_mission,30,0.000000,-0.020000,0.000000,0.020000,-35.363262,149.165237,-0.006000,6,10,-0.000766,-0.000596,-0.711669,,,,,,,61.839992,0.000000,60.000000,15.000000,45.000000,0.000000,1.500000,0.120000,0.100000,0.050000,1,0.005000,2.000000,0,0,0,forward,1,,0.000000,15495,14508,986,37
15606,1777005311.000187,139.054632,2026-04-24T04:35:11.000187+00:00,sitl_to_mission,14,0.000000,-0.020000,0.000000,0.020000,-35.363262,149.165237,-0.006000,6,10,-0.000762,-0.000600,-0.711898,,,,,,,61.839992,0.000000,60.000000,15.000000,45.000000,0.000000,1.500000,0.120000,0.100000,0.050000,1,0.005000,2.000000,0,0,0,forward,1,,0.000000,15606,14619,986,37
15716,1777005312.001519,140.055969,2026-04-24T04:35:12.001519+00:00,sitl_to_mission,19,0.000000,-0.020000,0.000000,0.020000,-35.363262,149.165237,-0.006000,6,10,-0.000773,-0.000600,-0.712112,,,,,,,61.839992,0.000000,60.000000,15.000000,45.000000,0.000000,1.500000,0.120000,0.100000,0.050000,1,0.005000,2.000000,0,0,0,forward,1,,0.000000,15716,14729,986,37
15827,1777005313.001432,141.055879,2026-04-24T04:35:13.001432+00:00,sitl_to_mission,17,0.000000,-0.020000,0.000000,0.020000,-35.363262,149.165237,-0.006000,6,10,-0.000779,-0.000597,-0.712321,,,,,,,61.839992,0.000000,60.000000,15.000000,45.000000,0.000000,1.500000,0.120000,0.100000,0.050000,1,0.005000,2.000000,0,0,0,forward,1,,0.000000,15827,14840,986,37
15932,1777005314.000695,142.055142,2026-04-24T04:35:14.000695+00:00,sitl_to_mission,43,0.000000,-0.020000,0.000000,0.020000,-35.363262,149.165237,-0.006000,6,10,-0.000778,-0.000591,-0.712516,,,,,,,61.839992,0.000000,60.000000,15.000000,45.000000,0.000000,1.500000,0.120000,0.100000,0.050000,1,0.005000,2.000000,0,0,0,forward,1,,0.000000,15932,14945,986,37
16040,1777005315.000743,143.055191,2026-04-24T04:35:15.000743+00:00,sitl_to_mission,30,0.000000,-0.020000,0.000000,0.020000,-35.363262,149.165237,-0.006000,6,10,-0.000791,-0.000596,-0.712715,,,,,,,61.839992,0.000000,60.000000,15.000000,45.000000,0.000000,1.500000,0.120000,0.100000,0.050000,1,0.005000,2.000000,0,0,0,forward,1,,0.000000,16040,15053,986,37
16149,1777005316.000514,144.054961,2026-04-24T04:35:16.000514+00:00,sitl_to_mission,30,0.000000,-0.020000,0.000000,0.020000,-35.363262,149.165237,-0.006000,6,10,-0.000795,-0.000603,-0.712892,,,,,,,61.839992,0.000000,60.000000,15.000000,45.000000,0.000000,1.500000,0.120000,0.100000,0.050000,1,0.005000,2.000000,0,0,0,forward,1,,0.000000,16149,15162,986,37
16260,1777005317.000446,145.054892,2026-04-24T04:35:17.000446+00:00,sitl_to_mission,43,0.000000,-0.020000,0.000000,0.020000,-35.363262,149.165237,-0.006000,6,10,-0.000780,-0.000621,-0.713047,,,,,,,61.839992,0.000000,60.000000,15.000000,45.000000,0.000000,1.500000,0.120000,0.100000,0.050000,1,0.005000,2.000000,0,0,0,forward,1,,0.000000,16260,15273,986,37
16368,1777005318.000746,146.055193,2026-04-24T04:35:18.000746+00:00,sitl_to_mission,30,0.000000,-0.020000,0.000000,0.020000,-35.363262,149.165237,-0.006000,6,10,-0.000776,-0.000620,-0.713211,,,,,,,61.839992,0.000000,60.000000,15.000000,45.000000,0.000000,1.500000,0.120000,0.100000,0.050000,1,0.005000,2.000000,0,0,0,forward,1,,0.000000,16368,15381,986,37
16477,1777005319.000801,147.055249,2026-04-24T04:35:19.000801+00:00,sitl_to_mission,30,0.000000,-0.020000,0.000000,0.020000,-35.363262,149.165237,-0.006000,6,10,-0.000776,-0.000616,-0.713361,,,,,,,61.839992,0.000000,60.000000,15.000000,45.000000,0.000000,1.500000,0.120000,0.100000,0.050000,1,0.005000,2.000000,0,0,0,forward,1,,0.000000,16477,15490,986,37
16587,1777005320.000510,148.054957,2026-04-24T04:35:20.000510+00:00,sitl_to_mission,30,0.000000,-0.020000,0.000000,0.020000,-35.363262,149.165237,-0.006000,6,10,-0.000784,-0.000611,-0.713503,,,,,,,61.839992,0.000000,60.000000,15.000000,45.000000,0.000000,1.500000,0.120000,0.100000,0.050000,1,0.005000,2.000000,0,0,0,forward,1,,0.000000,16587,15600,986,37
16698,1777005321.000651,149.055098,2026-04-24T04:35:21.000651+00:00,sitl_to_mission,14,0.000000,-0.020000,0.000000,0.020000,-35.363262,149.165237,-0.006000,6,10,-0.000789,-0.000600,-0.713641,,,,,,,61.839992,0.000000,60.000000,15.000000,45.000000,0.000000,1.500000,0.120000,0.100000,0.050000,1,0.005000,2.000000,0,0,0,forward,1,,0.000000,16698,15711,986,37
16805,1777005322.000302,150.054749,2026-04-24T04:35:22.000302+00:00,sitl_to_mission,30,0.000000,-0.020000,0.000000,0.020000,-35.363262,149.165237,-0.006000,6,10,-0.000782,-0.000599,-0.713762,,,,,,,61.839992,0.000000,60.000000,15.000000,45.000000,0.000000,1.500000,0.120000,0.100000,0.050000,1,0.005000,2.000000,0,0,0,forward,1,,0.000000,16805,15818,986,37
16915,1777005323.000911,151.055359,2026-04-24T04:35:23.000911+00:00,sitl_to_mission,43,0.000000,-0.020000,0.000000,0.020000,-35.363262,149.165237,-0.006000,6,10,-0.000785,-0.000605,-0.713879,,,,,,,61.839992,0.000000,60.000000,15.000000,45.000000,0.000000,1.500000,0.120000,0.100000,0.050000,1,0.005000,2.000000,0,0,0,forward,1,,0.000000,16915,15928,986,37
17024,1777005324.000830,152.055277,2026-04-24T04:35:24.000830+00:00,sitl_to_mission,43,0.000000,-0.020000,0.000000,0.020000,-35.363262,149.165237,-0.006000,6,10,-0.000800,-0.000609,-0.714001,,,,,,,61.839992,0.000000,60.000000,15.000000,45.000000,0.000000,1.500000,0.120000,0.100000,0.050000,1,0.005000,2.000000,0,0,0,forward,1,,0.000000,17024,16037,986,37
17133,1777005325.000118,153.054563,2026-04-24T04:35:25.000118+00:00,sitl_to_mission,43,0.000000,-0.020000,0.000000,0.020000,-35.363262,149.165237,-0.006000,6,10,-0.000794,-0.000612,-0.714095,,,,,,,61.839992,0.000000,60.000000,15.000000,45.000000,0.000000,1.500000,0.120000,0.100000,0.050000,1,0.005000,2.000000,0,0,0,forward,1,,0.000000,17133,16146,986,37
17239,1777005326.000885,154.055332,2026-04-24T04:35:26.000885+00:00,sitl_to_mission,40,0.001581,-0.023988,-0.000012,0.024040,-35.363262,149.165237,-0.006000,6,10,-0.000785,-0.000611,-0.714183,,,,,,,61.854221,0.000000,60.000000,15.000000,45.000000,0.000000,1.500000,0.120000,0.100000,0.050000,1,0.005000,2.000000,0,0,0,forward,1,,0.000000,17239,16252,986,37
17351,1777005327.000358,155.054805,2026-04-24T04:35:27.000358+00:00,sitl_to_mission,30,0.000000,-0.020000,0.000000,0.020000,-35.363262,149.165237,-0.006000,6,10,-0.000768,-0.000612,-0.714264,,,,,,,61.839992,0.000000,60.000000,15.000000,45.000000,0.000000,1.500000,0.120000,0.100000,0.050000,1,0.005000,2.000000,0,0,0,forward,1,,0.000000,17351,16364,986,37
17458,1777005328.002047,156.056495,2026-04-24T04:35:28.002047+00:00,sitl_to_mission,40,0.001809,-0.023657,0.000164,0.023727,-35.363262,149.165237,-0.006000,6,10,-0.000767,-0.000619,-0.714352,,,,,,,61.854045,0.000000,60.000000,15.000000,45.000000,0.000000,1.500000,0.120000,0.100000,0.050000,1,0.005000,2.000000,0,0,0,forward,1,,0.000000,17458,16471,986,37
17567,1777005329.000448,157.054894,2026-04-24T04:35:29.000448+00:00,sitl_to_mission,40,0.001921,-0.023726,0.000124,0.023804,-35.363262,149.165237,-0.006000,6,10,-0.000774,-0.000621,-0.714418,,,,,,,61.853968,0.000000,60.000000,15.000000,45.000000,0.000000,1.500000,0.120000,0.100000,0.050000,1,0.005000,2.000000,0,0,0,forward,1,,0.000000,17567,16580,986,37
17676,1777005330.000284,158.054732,2026-04-24T04:35:30.000284+00:00,sitl_to_mission,40,0.001978,-0.023615,-0.000034,0.023698,-35.363262,149.165237,-0.006000,6,10,-0.000770,-0.000612,-0.714474,,,,,,,61.853896,0.000000,60.000000,15.000000,45.000000,0.000000,1.500000,0.120000,0.100000,0.050000,1,0.005000,2.000000,0,0,0,forward,1,,0.000000,17676,16689,986,37
17786,1777005331.000004,159.054450,2026-04-24T04:35:31.000004+00:00,sitl_to_mission,40,0.000000,-0.020000,0.000000,0.020000,-35.363262,149.165237,-0.006000,6,10,-0.000773,-0.000597,-0.714519,,,,,,,61.839992,0.000000,60.000000,15.000000,45.000000,0.000000,1.500000,0.120000,0.100000,0.050000,1,0.005000,2.000000,0,0,0,forward,1,,0.000000,17786,16799,986,37
17895,1777005332.000997,160.055443,2026-04-24T04:35:32.000997+00:00,sitl_to_mission,40,0.000000,-0.020000,0.000000,0.020000,-35.363262,149.165237,-0.006000,6,10,-0.000780,-0.000601,-0.714570,,,,,,,61.839992,0.000000,60.000000,15.000000,45.000000,0.000000,1.500000,0.120000,0.100000,0.050000,1,0.005000,2.000000,0,0,0,forward,1,,0.000000,17895,16908,986,37
18002,1777005333.001419,161.055867,2026-04-24T04:35:33.001419+00:00,sitl_to_mission,36,0.001685,-0.023604,0.000120,0.023664,-35.363262,149.165237,-0.006000,6,10,-0.000775,-0.000586,-0.714598,,,,,,,61.854020,0.000000,60.000000,15.000000,45.000000,0.000000,1.500000,0.120000,0.100000,0.050000,1,0.005000,2.000000,0,0,0,forward,1,,0.000000,18002,17015,986,37
18116,1777005334.000672,162.055118,2026-04-24T04:35:34.000672+00:00,sitl_to_mission,14,0.000000,-0.020000,0.000000,0.020000,-35.363262,149.165237,-0.006000,6,10,-0.000779,-0.000591,-0.714648,,,,,,,61.839992,0.000000,60.000000,15.000000,45.000000,0.000000,1.500000,0.120000,0.100000,0.050000,1,0.005000,2.000000,0,0,0,forward,1,,0.000000,18116,17129,986,37
18220,1777005335.001350,163.055795,2026-04-24T04:35:35.001350+00:00,sitl_to_mission,36,0.001758,-0.023436,0.000237,0.023503,-35.363262,149.165237,-0.006000,6,10,-0.000767,-0.000591,-0.714682,,,,,,,61.854018,0.000000,60.000000,15.000000,45.000000,0.000000,1.500000,0.120000,0.100000,0.050000,1,0.005000,2.000000,0,0,0,forward,1,,0.000000,18220,17233,986,37
18331,1777005336.001548,164.055993,2026-04-24T04:35:36.001548+00:00,sitl_to_mission,40,0.000000,-0.020000,0.000000,0.020000,-35.363262,149.165237,-0.006000,6,10,-0.000789,-0.000592,-0.714747,,,,,,,61.839992,0.000000,60.000000,15.000000,45.000000,0.000000,1.500000,0.120000,0.100000,0.050000,1,0.005000,2.000000,0,0,0,forward,1,,0.000000,18331,17344,986,37
18442,1777005337.000930,165.055376,2026-04-24T04:35:37.000930+00:00,sitl_to_mission,30,0.000000,-0.020000,0.000000,0.020000,-35.363262,149.165237,-0.006000,6,10,-0.000786,-0.000581,-0.714775,,,,,,,61.839992,0.000000,60.000000,15.000000,45.000000,0.000000,1.500000,0.120000,0.100000,0.050000,1,0.005000,2.000000,0,0,0,forward,1,,0.000000,18442,17455,986,37
18548,1777005338.000564,166.055012,2026-04-24T04:35:38.000564+00:00,sitl_to_mission,36,0.001391,-0.023602,0.000127,0.023643,-35.363262,149.165237,-0.006000,6,10,-0.000773,-0.000567,-0.714784,,,,,,,61.854198,0.000000,60.000000,15.000000,45.000000,0.000000,1.500000,0.120000,0.100000,0.050000,1,0.005000,2.000000,0,0,0,forward,1,,0.000000,18548,17561,986,37
18656,1777005339.001145,167.055598,2026-04-24T04:35:39.001145+00:00,sitl_to_mission,40,0.001580,-0.023557,0.000133,0.023610,-35.363262,149.165237,-0.006000,6,10,-0.000761,-0.000575,-0.714802,,,,,,,61.854190,0.000000,60.000000,15.000000,45.000000,0.000000,1.500000,0.120000,0.100000,0.050000,1,0.005000,2.000000,0,0,0,forward,1,,0.000000,18656,17669,986,37
18767,1777005340.000273,168.054720,2026-04-24T04:35:40.000273+00:00,sitl_to_mission,40,0.001586,-0.023212,0.000235,0.023268,-35.363262,149.165237,-0.006000,6,10,-0.000763,-0.000581,-0.714831,,,,,,,61.854143,0.000000,60.000000,15.000000,45.000000,0.000000,1.500000,0.120000,0.100000,0.050000,1,0.005000,2.000000,0,0,0,forward,1,,0.000000,18767,17780,986,37
18875,1777005341.001386,169.055835,2026-04-24T04:35:41.001386+00:00,sitl_to_mission,36,0.001837,-0.023197,0.000269,0.023272,-35.363262,149.165237,-0.006000,6,10,-0.000760,-0.000580,-0.714839,,,,,,,61.853993,0.000000,60.000000,15.000000,45.000000,0.000000,1.500000,0.120000,0.100000,0.050000,1,0.005000,2.000000,0,0,0,forward,1,,0.000000,18875,17888,986,37
18988,1777005342.001630,170.056078,2026-04-24T04:35:42.001630+00:00,sitl_to_mission,43,0.000000,-0.020000,0.000000,0.020000,-35.363262,149.165237,-0.006000,6,10,-0.000780,-0.000589,-0.714855,,,,,,,61.839992,0.000000,60.000000,15.000000,45.000000,0.000000,1.500000,0.120000,0.100000,0.050000,1,0.005000,2.000000,0,0,0,forward,1,,0.000000,18988,18001,986,37
19093,1777005343.001136,171.055584,2026-04-24T04:35:43.001136+00:00,sitl_to_mission,36,0.001749,-0.023600,0.000075,0.023665,-35.363262,149.165237,-0.006000,6,10,-0.000772,-0.000578,-0.714863,,,,,,,61.853995,0.000000,60.000000,15.000000,45.000000,0.000000,1.500000,0.120000,0.100000,0.050000,1,0.005000,2.000000,0,0,0,forward,1,,0.000000,19093,18106,986,37
19202,1777005344.002101,172.056550,2026-04-24T04:35:44.002101+00:00,sitl_to_mission,36,0.001487,-0.023484,-0.000036,0.023531,-35.363262,149.165237,-0.006000,6,10,-0.000771,-0.000578,-0.714861,,,,,,,61.854086,0.000000,60.000000,15.000000,45.000000,0.000000,1.500000,0.120000,0.100000,0.050000,1,0.005000,2.000000,0,0,0,forward,1,,0.000000,19202,18215,986,37
19310,1777005345.000462,173.054917,2026-04-24T04:35:45.000462+00:00,sitl_to_mission,40,0.001543,-0.023492,-0.000037,0.023543,-35.363262,149.165237,-0.006000,6,10,-0.000785,-0.000596,-0.714885,,,,,,,61.854157,0.000000,60.000000,15.000000,45.000000,0.000000,1.500000,0.120000,0.100000,0.050000,1,0.005000,2.000000,0,0,0,forward,1,,0.000000,19310,18323,986,37
19421,1777005346.000039,174.054486,2026-04-24T04:35:46.000039+00:00,sitl_to_mission,40,0.001544,-0.023737,-0.000023,0.023787,-35.363262,149.165237,-0.006000,6,10,-0.000783,-0.000601,-0.714891,,,,,,,61.854186,0.000000,60.000000,15.000000,45.000000,0.000000,1.500000,0.120000,0.100000,0.050000,1,0.005000,2.000000,0,0,0,forward,1,,0.000000,19421,18434,986,37
19529,1777005347.000214,175.054659,2026-04-24T04:35:47.000214+00:00,sitl_to_mission,40,0.001493,-0.023788,0.000054,0.023835,-35.363262,149.165237,-0.006000,6,10,-0.000776,-0.000601,-0.714889,,,,,,,61.854198,0.000000,60.000000,15.000000,45.000000,0.000000,1.500000,0.120000,0.100000,0.050000,1,0.005000,2.000000,0,0,0,forward,1,,0.000000,19529,18542,986,37
19638,1777005348.000466,176.054920,2026-04-24T04:35:48.000466+00:00,sitl_to_mission,40,0.001699,-0.023850,-0.000025,0.023910,-35.363262,149.165237,-0.006000,6,10,-0.000778,-0.000612,-0.714897,,,,,,,61.854168,0.000000,60.000000,15.000000,45.000000,0.000000,1.500000,0.120000,0.100000,0.050000,1,0.005000,2.000000,0,0,0,forward,1,,0.000000,19638,18651,986,37
19747,1777005349.000901,177.055346,2026-04-24T04:35:49.000901+00:00,sitl_to_mission,40,0.001865,-0.023980,-0.000104,0.024053,-35.363262,149.165237,-0.006000,6,10,-0.000786,-0.000605,-0.714895,,,,,,,61.854087,0.000000,60.000000,15.000000,45.000000,0.000000,1.500000,0.120000,0.100000,0.050000,1,0.005000,2.000000,0,0,0,forward,1,,0.000000,19747,18760,986,37
19856,1777005350.000718,178.055166,2026-04-24T04:35:50.000718+00:00,sitl_to_mission,40,0.001692,-0.023968,-0.000049,0.024028,-35.363262,149.165237,-0.006000,6,10,-0.000791,-0.000602,-0.714901,,,,,,,61.854092,0.000000,60.000000,15.000000,45.000000,0.000000,1.500000,0.120000,0.100000,0.050000,1,0.005000,2.000000,0,0,0,forward,1,,0.000000,19856,18869,986,37
19966,1777005351.000432,179.054883,2026-04-24T04:35:51.000432+00:00,sitl_to_mission,40,0.001623,-0.023937,-0.000062,0.023992,-35.363262,149.165237,-0.006000,6,10,-0.000784,-0.000600,-0.714908,,,,,,,61.854131,0.000000,60.000000,15.000000,45.000000,0.000000,1.500000,0.120000,0.100000,0.050000,1,0.005000,2.000000,0,0,0,forward,1,,0.000000,19966,18979,986,37
20075,1777005352.002099,180.056547,2026-04-24T04:35:52.002099+00:00,sitl_to_mission,40,0.001552,-0.023817,-0.000035,0.023868,-35.363262,149.165237,-0.006000,6,10,-0.000772,-0.000602,-0.714908,,,,,,,61.854166,0.000000,60.000000,15.000000,45.000000,0.000000,1.500000,0.120000,0.100000,0.050000,1,0.005000,2.000000,0,0,0,forward,1,,0.000000,20075,19088,986,37
20185,1777005353.025563,181.080018,2026-04-24T04:35:53.025563+00:00,sitl_to_mission,36,0.001729,-0.023801,-0.000035,0.023864,-35.363262,149.165237,-0.006000,6,10,-0.000793,-0.000601,-0.714901,,,,,,,61.854117,0.000000,60.000000,15.000000,45.000000,0.000000,1.500000,0.120000,0.100000,0.050000,1,0.005000,2.000000,0,0,0,forward,1,,0.000000,20185,19198,986,37
20293,1777005354.002364,182.056808,2026-04-24T04:35:54.002364+00:00,sitl_to_mission,40,0.001532,-0.023928,0.000126,0.023978,-35.363262,149.165237,-0.006000,6,10,-0.000796,-0.000598,-0.714899,,,,,,,61.854167,0.000000,60.000000,15.000000,45.000000,0.000000,1.500000,0.120000,0.100000,0.050000,1,0.005000,2.000000,0,0,0,forward,1,,0.000000,20293,19306,986,37
